FID	IID	Sex	apoe4	Age
99	99	1	0	84.0876112251882
276	276	1	0	65.2511978097194
349	349	2	0	72.9993155373032
294	294	1	1	62.2888432580424
615	615	1	0	77.2238193018481
244	244	2	1	63.4880219028063
378	378	2	0	84.1232032854209
80	80	2	0	72.2600958247776
86	86	1	0	73.5934291581109
289	289	2	0	60.6132785763176
12	12	1	1	78.8884325804244
965	965	2	0	78.9897330595483
79	79	1	1	73.9247091033539
281	281	2	1	69.1800136892539
390	390	1	1	65.201916495551
666	666	1	0	66.1875427789186
371	371	2	1	66.984257357974
1078	1078	2	1	83.419575633128
354	354	2	1	83.586584531143
1125	1125	2	0	85.119780971937
270	270	2	1	65.1416837782341
431	431	2	1	70.5845311430527
699	699	1	1	72.2162902121834
788	788	2	0	66.0999315537303
1104	1104	1	0	72.4216290212183
372	372	2	0	65.7850787132101
55	55	1	0	78.0369609856263
90	90	1	0	79.7700205338809
301	301	2	0	66.7077344284736
808	808	1	1	73.2046543463381
970	970	1	1	78.1629021218344
1050	1050	1	1	64.7720739219713
488	488	2	1	79.4524298425736
1066	1066	2	1	59.0581793292266
110	110	1	0	85.9329226557153
483	483	2	0	63.8658453114305
72	72	1	0	76.3832991101985
388	388	1	1	66.9459274469541
556	556	1	0	71.6030116358658
698	698	2	0	85.555099247091
819	819	2	1	71.4715947980835
971	971	2	1	84.1013004791239
477	477	1	1	81.3634496919918
518	518	1	1	67.1485284052019
570	570	1	0	77.8425735797399
661	661	1	0	69.3524982888433
697	697	1	0	64.2190280629706
103	103	1	1	73.9822039698836
993	993	1	0	61.7960301163587
14	14	2	1	65.4702258726899
21	21	2	0	73.4647501711157
138	138	2	0	60.9691991786448
25	25	2	0	79.7234770704997
40	40	2	1	82.7296372347707
50	50	2	0	65.4127310061602
57	57	1	1	77.7850787132101
280	280	2	0	61.0102669404517
394	394	2	1	74.2888432580424
784	784	2	0	72.9171800136892
67	67	2	1	76.0465434633812
125	125	2	0	77.864476386037
236	236	2	0	62.9705681040383
403	403	1	1	61.6235455167693
895	895	1	0	73.1225188227242
126	126	2	0	67.6960985626283
877	877	1	1	75.8466803559206
1157	1157	1	1	67.6030116358658
74	74	2	0	75.5728952772074
200	200	1	1	62.2559890485969
362	362	2	0	62.7624914442163
528	528	1	0	67.8220396988364
851	851	1	1	84.4955509924709
68	68	2	0	74.4558521560575
117	117	1	0	80.3093771389459
5	5	1	0	73.1416837782341
990	990	2	0	79.7043121149897
36	36	1	0	88.1095140314853
39	39	1	0	62.6283367556468
97	97	1	0	63.3264887063655
716	716	1	0	68.9774127310062
795	795	2	0	76.8542094455852
507	507	1	1	76.6269678302532
757	757	1	1	70.5626283367557
891	891	2	0	63.9507186858316
1122	1122	1	1	60.3586584531143
277	277	1	1	75.0034223134839
1091	1091	2	0	70.4750171115674
62	62	2	0	75.668720054757
278	278	2	1	67.8384668035592
471	471	2	1	69.7631759069131
530	530	1	0	60.8240930869268
917	917	1	1	75.7180013689254
89	89	1	0	68.8131416837782
374	374	2	0	64.5475701574264
123	123	2	1	80.7748117727584
229	229	2	1	60.6981519507187
702	702	1	0	82.5544147843943
146	146	2	0	61.6509240246407
1013	1013	2	1	72.7145790554415
380	380	1	1	69.9849418206708
590	590	2	1	91.7891854893908
407	407	2	1	62.0506502395619
657	657	2	1	80.1697467488022
771	771	2	0	60.1642710472279
838	838	1	0	82.2313483915127
844	844	2	0	62.2395619438741
945	945	2	1	72.5475701574264
29	29	2	0	80.8733744010951
33	33	1	1	82.0013689253936
53	53	1	1	79.2689938398357
550	550	2	1	71.2580424366872
588	588	1	1	62.7843942505133
696	696	2	1	61.3032169746749
91	91	2	0	61.0951403148528
1032	1032	1	1	75.0855578370979
376	376	2	1	76.4900752908966
737	737	1	0	69.0732375085558
772	772	2	0	70.3299110198494
798	798	2	0	68.6926762491444
1089	1089	2	1	59.6194387405886
1067	1067	2	0	81.6235455167693
28	28	1	1	79.8740588637919
273	273	1	1	64.8980150581793
367	367	2	1	68.9171800136892
480	480	2	1	71.7809719370294
1153	1153	2	0	75.7563312799452
377	377	1	0	73.9301848049281
510	510	1	0	61.0513347022587
217	217	1	1	82.6584531143053
609	609	2	0	70.54893908282
331	331	1	0	72.5639972621492
516	516	1	0	69.3169062286105
814	814	1	0	82.1245722108145
102	102	2	1	67.2717316906229
56	56	1	0	79.1485284052019
26	26	1	0	81.7577002053388
284	284	2	0	65.1964407939767
938	938	2	0	60.7200547570157
1147	1147	1	0	60.7693360711841
112	112	1	1	82.5516769336071
1100	1100	1	1	69.9137577002053
4	4	2	0	84.6351813826146
47	47	2	1	78.8993839835729
101	101	1	1	78.6091718001369
315	315	2	0	67.8083504449008
498	498	2	0	61.4674880219028
96	96	2	1	61.990417522245
658	658	2	0	62.0944558521561
222	222	1	1	82.8501026694045
365	365	2	1	80.5201916495551
904	904	2	1	63.047227926078
1000	1000	2	1	66.8720054757016
1010	1010	1	0	60.2217659137577
186	186	1	1	71.1266255989049
1001	1001	1	0	74.1245722108145
567	567	2	0	63.0225872689938
676	676	2	1	77.864476386037
566	566	1	0	64.1067761806981
31	31	2	0	83.2580424366872
113	113	2	0	77.9712525667351
206	206	1	0	65.1170431211499
287	287	1	1	64.6105407255305
815	815	2	1	69.6290212183436
959	959	1	1	76.413415468857
42	42	1	0	81.6098562628337
88	88	2	0	69.7522245037646
411	411	1	1	68.2217659137577
914	914	1	0	71.9041752224504
259	259	2	1	79.8521560574949
930	930	1	1	71.6084873374401
153	153	1	1	69.990417522245
366	366	1	0	77.8151950718686
194	194	1	1	65.3196440793977
406	406	1	1	67.8001368925394
434	434	1	0	77.2566735112936
796	796	2	0	74.8555783709788
111	111	1	1	83.7946611909651
890	890	2	1	76.6187542778919
75	75	1	0	75.5728952772074
707	707	1	0	71.2525667351129
906	906	1	0	75.6386036960986
931	931	1	0	86.1054072553046
