ID	logFC	t	P.Value	adj.P.Val	B
hsa05165	0.0367801588746914	4.97944518846845	1.39987272433398e-06	0.000278574672142462	4.05076932437603
hsa05206	0.0425390081603876	4.60529731960283	7.42213802636829e-06	0.000738502733623645	2.44269347218096
hsa04930	0.0229295231558546	4.40993557583175	1.70767669841224e-05	0.00113275887661345	1.64310552338127
hsa04012	0.0281656609340986	4.15365943675687	4.89185475559705e-05	0.00169551639055995	0.637484455294987
hsa05146	0.0226318380832238	4.12429113328425	5.50236144248562e-05	0.00169551639055995	0.525447032801879
hsa04977	0.0193632742678176	4.11801382217444	5.64197431504956e-05	0.00169551639055995	0.501586152216093
hsa04713	0.0124116569216799	4.0441209771526	7.56125480341174e-05	0.00169551639055995	0.22301010999418
hsa04724	0.0124116569216799	4.0441209771526	7.56125480341174e-05	0.00169551639055995	0.22301010999418
hsa05205	0.0411512448460885	4.04055236645634	7.66816458042189e-05	0.00169551639055995	0.209664156369838
hsa04974	0.0286005191594523	3.98997747483043	9.34699548482953e-05	0.00186005210148108	0.0215958281279462
hsa04520	0.022678081125262	3.94838331599453	0.000109843412852968	0.00198716719615825	-0.131569239612188
hsa04015	0.0218481656293035	3.90321729291223	0.000130697924443343	0.00216740724701876	-0.29633793955498
hsa04971	0.0183340089805029	3.8455808603407	0.000162800034469915	0.00249209283534716	-0.504243501932335
hsa04142	0.0252463829126692	3.78056281819712	0.000207953720367861	0.00295591359665745	-0.735584080815502
hsa00240	0.0259773162134591	3.74729137453238	0.000235417018165564	0.0030291418450747	-0.852650366510766
hsa04730	0.0261829578023827	3.73758720594221	0.000244051930896662	0.0030291418450747	-0.886626074098371
hsa05217	0.0230060327243478	3.72177014938441	0.000258770911388291	0.0030291418450747	-0.941840318985926
hsa05110	0.0171465075643624	3.67494989707403	0.00030741162294188	0.00339860627585745	-1.10408903568875
hsa04120	0.0194656322308884	3.62683049430684	0.000366311070542521	0.00383662647568219	-1.268975845327
hsa04911	0.0147580132722096	3.598571768241	0.000405697393769611	0.00403668906800763	-1.36492308357605
hsa04310	0.0214611317900859	3.57221139080415	0.000446001929430405	0.00410805463589128	-1.45383250511116
hsa04640	0.017029921074311	3.56715173924151	0.000454156793917629	0.00410805463589128	-1.47083237274116
hsa04350	0.0338766442253893	3.49399606285299	0.000588885552033304	0.00509514021107076	-1.71425933356445
hsa00310	-0.0274105689495683	-3.47119434362461	0.000638017172356199	0.00529022572078682	-1.78922374271331
hsa05213	0.0207434182835793	3.42317438105595	0.000754317920957847	0.00579430617068595	-1.94567757682675
hsa04512	0.0444058756584207	3.42213381595724	0.000757045027325802	0.00579430617068595	-1.94904647691759
hsa05120	0.0194991434536878	3.39818986909191	0.000822404093642862	0.006025006999041	-2.02631563340458
hsa04916	0.0119684184847282	3.38359813048562	0.000864783375400382	0.006025006999041	-2.07316817222436
hsa04151	0.0303227989791344	3.37917870316394	0.000878016095337633	0.006025006999041	-2.08732313728947
hsa04925	0.0147814762695013	3.35858824938417	0.000942199732218269	0.00606097452189608	-2.15305524485718
hsa04972	0.0274077138562903	3.35797653558567	0.000944171910446123	0.00606097452189608	-2.15500258525164
hsa05231	0.0228206755269547	3.3010327411973	0.00114559536402884	0.00712417117005437	-2.33489270354548
hsa04922	0.0126151741453722	3.26431198247737	0.00129599726432169	0.00781525623030355	-2.44943772479102
hsa02010	-0.0121950300236233	-3.20734413583899	0.00156606044443703	0.00916605966008729	-2.62486536097849
hsa04360	0.0192000843072666	3.17868923870458	0.00172083454924041	0.00969848204871535	-2.71205556757753
hsa00010	0.0108209880621093	3.1630735260356	0.00181103322867971	0.00969848204871535	-2.7592737000157
hsa04213	0.0121634504972423	3.1602570031237	0.00182776073020781	0.00969848204871535	-2.76776785637837
hsa04217	-0.0226272530002363	-3.15622246597869	0.00185197144648836	0.00969848204871535	-2.77992344160929
hsa04923	-0.0258456997007337	-3.08483009584732	0.00233259105543509	0.0118452906464309	-2.9926969383075
hsa00270	0.017106943240091	3.07841807707204	0.0023809629440062	0.0118452906464309	-3.01159113065079
hsa04390	0.0137715751625329	3.06075312730376	0.00251905328222132	0.0119884152917882	-3.06345962286754
hsa04727	0.0245022448607419	3.05936415829838	0.00253021830278947	0.0119884152917882	-3.06752647462322
hsa05211	0.0124459923712354	3.02078341355485	0.00285917538022718	0.0132319976898886	-3.17981874701845
hsa00230	0.0196156294832388	2.94517907652307	0.00362052760272805	0.0163746589305201	-3.39610256288312
hsa03013	0.0119145261207811	2.92886489326588	0.00380747051759376	0.0168374807333591	-3.44211587803377
hsa05412	0.0240759187782205	2.8755954773883	0.00448110920233303	0.0188442772047445	-3.59072797219797
hsa04622	-0.013292784993868	-2.87090512796161	0.00454535329561677	0.0188442772047445	-3.60369328151604
hsa05131	-0.013292784993868	-2.87090512796161	0.00454535329561677	0.0188442772047445	-3.60369328151604
hsa04080	0.0199241073989551	2.81933403357675	0.00530927406464755	0.0215621538543849	-3.74496477135753
hsa04921	0.0233589048462912	2.81139196312617	0.00543679314463669	0.021638436715654	-3.76651135403987
hsa04657	-0.0120132914549691	-2.78999593228033	0.00579431473487166	0.0218610478813694	-3.82427914392935
hsa05167	-0.0120132914549691	-2.78999593228033	0.00579431473487166	0.0218610478813694	-3.82427914392935
hsa00500	-0.0245743203825006	-2.78376871805959	0.00590231119625022	0.0218610478813694	-3.84101566692816
hsa04960	0.019579399072847	2.78206678630629	0.00593214364620075	0.0218610478813694	-3.84558384218207
hsa03008	-0.0058732484485633	-2.74948726787149	0.00653025401322946	0.0236276463387757	-3.93253309467386
hsa04726	-0.0122601702962539	-2.72701426337173	0.00697413292454651	0.0247830794997278	-3.99195743160503
hsa04910	0.0144488137222325	2.70344123740534	0.00746892213950146	0.0252604047306776	-4.05380485904167
hsa00830	-0.0160774851071754	-2.70172290100795	0.00750620110609743	0.0252604047306776	-4.05829370652592
hsa00190	-0.0108957179334275	-2.69669707357704	0.00761620243136007	0.0252604047306776	-4.07140758673615
hsa05012	-0.0108957179334275	-2.69669707357704	0.00761620243136007	0.0252604047306776	-4.07140758673615
hsa00330	-0.0120393117324595	-2.68290126144046	0.00792567833351824	0.0258559014486906	-4.10728847581941
hsa05142	-0.0285764258390886	-2.66215089260408	0.00841256462692112	0.0260982367785434	-4.16093519925429
hsa04670	-0.0157254064200716	-2.65219130598155	0.0086556966200194	0.0260982367785434	-4.18654656639958
hsa04720	-0.0157254064200716	-2.65219130598155	0.0086556966200194	0.0260982367785434	-4.18654656639958
hsa05031	-0.0157254064200716	-2.65219130598155	0.0086556966200194	0.0260982367785434	-4.18654656639958
hsa05143	-0.0157254064200716	-2.65219130598155	0.0086556966200194	0.0260982367785434	-4.18654656639958
hsa04510	0.0276642127538649	2.62948532405321	0.0092338109743202	0.0274257967744734	-4.24460166066257
hsa04072	0.0193688322640342	2.62245230535001	0.00941979397825404	0.0275667500245964	-4.26248953306999
hsa04610	0.0301347481291661	2.60854899128886	0.00979739423827211	0.0282562529480602	-4.29772003254856
hsa05010	0.013042261098871	2.59526159137693	0.0101709123027996	0.0289144506893875	-4.33122661942894
hsa05219	0.0192395433678101	2.57343746961623	0.0108121914506302	0.0303045929390903	-4.38591349539544
hsa05016	0.0141851597829046	2.55995781521287	0.0112261458239279	0.0310278197078008	-4.41947528214094
hsa05212	0.0103297934875264	2.55379054065167	0.0114202257811706	0.0311318483623692	-4.4347756915879
hsa04060	0.0169901748210828	2.47603759077997	0.0141374254697586	0.0380182117362426	-4.62470735831702
hsa04140	-0.00791506079081317	-2.47027395225167	0.0143600664370699	0.0381020429463587	-4.63856723707838
hsa05414	0.025580637259929	2.44158293314727	0.0155153715469406	0.0406257754979103	-4.7071091766896
hsa00630	-0.0128460772560852	-2.42701006236674	0.0161331658690743	0.0415128006173184	-4.74163490194398
hsa04150	0.00934042234947619	2.42381831068592	0.0162713489856826	0.0415128006173184	-4.74917076321796
hsa00604	0.00910041971730857	2.41262074701903	0.0167644580304014	0.0422294575702517	-4.77553484417089
hsa04662	0.0225580793706062	2.37808056380806	0.0183697894819839	0.0445803427672537	-4.8561330318999
hsa05203	0.0225580793706062	2.37808056380806	0.0183697894819839	0.0445803427672537	-4.8561330318999
hsa05218	0.0225580793706062	2.37808056380806	0.0183697894819839	0.0445803427672537	-4.8561330318999
hsa04623	0.00969519690987886	2.3581112719491	0.0193585048201994	0.045905601021392	-4.9022303462246
hsa05160	-0.00741697223520354	-2.35687292572319	0.0194213325308876	0.045905601021392	-4.90507687114968
hsa00564	-0.0133934686807873	-2.35286349846846	0.0196259848359658	0.045905601021392	-4.9142834535585
hsa00620	0.0135358416070368	2.34732607139778	0.0199117504843183	0.045905601021392	-4.92697433122599
hsa04750	0.00981206632477249	2.34430331356834	0.0200692828585985	0.045905601021392	-4.93389007629359
hsa04115	-0.0116884371588208	-2.32699856233087	0.020992397362608	0.0474714440358977	-4.97331931696135
hsa00100	-0.00893438498246812	-2.28359060835712	0.0234738194942291	0.0523993601992805	-5.07100843159878
hsa05161	-0.0201675664473568	-2.27986645969301	0.0236982031052022	0.0523993601992805	-5.07930841910334
hsa05216	-0.0119193469972654	-2.23672565578332	0.0264372929534039	0.057813420854147	-5.17451918085762
hsa04215	0.00732528897547668	2.22314854566481	0.027354538703543	0.0581585919212865	-5.20412621022362
hsa05133	0.00732528897547668	2.22314854566481	0.027354538703543	0.0581585919212865	-5.20412621022362
hsa00561	-0.0085755801880163	-2.22144007365428	0.027471897691462	0.0581585919212865	-5.20783966826006
hsa05100	0.00960768063143735	2.20718305882775	0.0284684278771481	0.0587770402749902	-5.23872223878698
hsa05144	-0.0129189001326839	-2.2019177510976	0.0288443153816968	0.0587770402749902	-5.25007977060586
hsa04931	0.00764360923044327	2.20111114683472	0.0289022771304569	0.0587770402749902	-5.25181737690844
hsa05225	0.014402687801045	2.19739063246497	0.0291709391853446	0.0587770402749902	-5.2598243577806
hsa05200	0.0171264521861119	2.19301384016143	0.0294897617149274	0.0587770402749902	-5.26922722427289
hsa03450	0.00871701002840597	2.19237974652212	0.0295362011432112	0.0587770402749902	-5.27058799745352
hsa00980	-0.0289490102679422	-2.18024323052931	0.0304373439600241	0.0591857017797476	-5.29656091253106
hsa05210	0.00902015255724997	2.17761931664149	0.0306352703487444	0.0591857017797476	-5.30215820545675
hsa04380	0.0145269839866105	2.17533775582076	0.0308082767994584	0.0591857017797476	-5.30701997819124
hsa04914	-0.00651753944959665	-2.16995907644378	0.0312194805492708	0.0591857017797476	-5.31846218067189
hsa05220	0.00752173858186955	2.16587445842629	0.0315349148706686	0.0591857017797476	-5.32713346364313
hsa05162	-0.0186877722946064	-2.16219070293141	0.0318217512692995	0.0591857017797476	-5.33494039911534
hsa03022	0.00671141517203866	2.161766251958	0.0318549456183728	0.0591857017797476	-5.33583911886028
hsa03050	0.00934328121084116	2.15837947123513	0.0321208833779535	0.0591857017797476	-5.34300416214733
hsa04924	0.032562411101956	2.14431126298733	0.0332461749678051	0.0606971451247083	-5.37265208234474
hsa00051	-0.00971079985256695	-2.1326097736671	0.0342078964062521	0.0613276701337313	-5.39717139553927
hsa00052	-0.00971079985256695	-2.1326097736671	0.0342078964062521	0.0613276701337313	-5.39717139553927
hsa04270	0.00620867806423542	2.12135529004845	0.0351553874245155	0.0624635901560588	-5.42063324590602
hsa04979	0.00878245737807903	2.10473544976912	0.0365958188965118	0.0638211490002841	-5.45506327095411
hsa04961	-0.00493182283384597	-2.09951211405194	0.0370588632166338	0.0638211490002841	-5.46583061373973
hsa03010	-0.00955200719850757	-2.09128182538256	0.0377986706963288	0.0638211490002841	-5.48274457497347
hsa04340	-0.00743441641074005	-2.09091479049872	0.0378319556915688	0.0638211490002841	-5.4834973844608
hsa04070	0.012392536847309	2.07735327711005	0.0390795340761706	0.0638211490002841	-5.51122423282319
hsa04672	-0.011665896330697	-2.07307347356257	0.0394804897320474	0.0638211490002841	-5.51993857164148
hsa05320	-0.011665896330697	-2.07307347356257	0.0394804897320474	0.0638211490002841	-5.51993857164148
hsa05322	-0.011665896330697	-2.07307347356257	0.0394804897320474	0.0638211490002841	-5.51993857164148
hsa05323	-0.011665896330697	-2.07307347356257	0.0394804897320474	0.0638211490002841	-5.51993857164148
hsa04145	0.00355451356693548	2.0726878774071	0.039516786712381	0.0638211490002841	-5.52072286041405
hsa04612	0.00355451356693548	2.0726878774071	0.039516786712381	0.0638211490002841	-5.52072286041405
hsa05202	-0.0567333064048339	-2.07002792446182	0.0397679521408805	0.0638211490002841	-5.52612930659312
hsa04723	0.00822548996353945	2.05534269349552	0.0411793066497369	0.0655574561863811	-5.55585792831231
hsa00480	0.0128013914814564	2.05019041963686	0.041684506745473	0.0658350543043582	-5.56624011506103
hsa04022	0.0127522056321698	2.02375662513866	0.0443603623507254	0.0695095441558611	-5.61911337305336
hsa00532	-0.0151167607212788	-2.02019314178452	0.0447320278140041	0.0695443244920845	-5.62619079626715
hsa04110	0.00727939657991383	2.00278951042323	0.0465854464879583	0.0718643709387884	-5.66058419186649
hsa05166	-0.00833385615517734	-1.97209669487809	0.0500128956161129	0.076558201750819	-5.7205437657887
hsa03410	-0.00755282317826689	-1.96288856447147	0.0510818116310593	0.077508854506706	-5.73835872631335
hsa05168	-0.0115107585569887	-1.96006933762344	0.051412908517011	0.077508854506706	-5.74379705862241
hsa04970	0.0143901371977679	1.85005989899793	0.0658185591698192	0.098480400562361	-5.95012744108198
hsa04514	0.0115446738081264	1.83565591572129	0.067932122193806	0.100803196754475	-5.97629214040636
hsa04668	0.0129984378228838	1.83262415582776	0.0683840782002718	0.100803196754475	-5.98177414065546
hsa04024	-0.00923693387105917	-1.82646591202148	0.0693097810563012	0.101416517869147	-5.99288246827614
hsa04912	0.010178167492322	1.81099887630759	0.0716805838495702	0.104119972161055	-6.02062276413533
hsa04926	0.00772189161728498	1.77200470980514	0.077955997433199	0.112414807892802	-6.08954626280978
hsa04611	0.0147142526867512	1.72375098299981	0.0863383542053881	0.122975296961921	-6.17282444909717
hsa04630	0.00893901257279595	1.7227744497614	0.086515284294819	0.122975296961921	-6.17448677811199
hsa04020	0.0092783470150124	1.71301923231963	0.0882989964884472	0.124620569512064	-6.19104268835448
hsa04728	0.00591238557867957	1.69901939625621	0.0909109103764287	0.127403318062742	-6.21464286935051
hsa04932	-0.0138974460161752	-1.66785795094737	0.0969495768914021	0.134915844764958	-6.26649795294213
hsa04621	-0.00790823149322062	-1.6555772700185	0.0994164866040311	0.137388061348626	-6.28667773700999
hsa04066	0.0106254955967691	1.63731560136185	0.103177895796405	0.141602767334377	-6.31641740116099
hsa04740	-0.0209919319459044	-1.56126931267786	0.120082285396728	0.163673799958554	-6.43680677628716
hsa05418	0.0143538130751244	1.55294931282782	0.122057336905858	0.165150163740579	-6.44963957340107
hsa04919	0.0115520176398958	1.54974308143388	0.122825247405054	0.165150163740579	-6.45456702129388
hsa05032	0.0085174779982653	1.5455136623931	0.123844028171516	0.165402426886789	-6.46105174179091
hsa05410	0.0108173674373115	1.51837095537931	0.130541137068946	0.173184575178136	-6.50225633339555
hsa05214	-0.00849318755381168	-1.45633588113214	0.146908634064286	0.193608067409225	-6.59375125336421
hsa04218	-0.00763018568319485	-1.42861738545557	0.154714658937161	0.202554060055888	-6.63342616941655
hsa00590	0.0143569606090455	1.37097849799351	0.171958074929835	0.223657888307433	-6.71353588938681
hsa04722	-0.00968228785008707	-1.35339123923212	0.177498044661043	0.229364356412646	-6.73733549999178
hsa04068	0.00399089313767131	1.30255120178667	0.194264851335978	0.249411002682965	-6.80443705138943
hsa04152	-0.00609750336010872	-1.24604206340678	0.214244454449722	0.273299015612145	-6.87605735020935
hsa04530	0.00678229601620473	1.23881093461594	0.216905200887948	0.274930796029946	-6.88499664151879
hsa04211	-0.00635538955940174	-1.22425323255673	0.22233430970896	0.28002865589926	-6.90283785840749
hsa04550	-0.00889672332055191	-1.21543940528069	0.225668600535209	0.282134100648692	-6.91353872923848
hsa05164	-0.0100685591492242	-1.21236130074505	0.226841487958747	0.282134100648692	-6.91725791590413
hsa05145	0.00640140181511795	1.19543564502868	0.233369179125764	0.288450103391472	-6.93754269978808
hsa04725	0.00529544067404908	1.16648943878108	0.244841775600781	0.300762428052812	-6.97158224492386
hsa04062	0.00763808254841791	1.15706719393332	0.248660864570814	0.303579828525104	-6.98248493565941
hsa04014	-0.00904551502190376	-1.14919409723873	0.251884086665658	0.305639836868695	-6.99152818594904
hsa05034	0.00597502751037426	1.1442554064013	0.253920894905432	0.306243988401097	-6.99716981042797
hsa04210	-0.0091021614139386	-1.13105555898122	0.259421365294003	0.310993082491004	-7.01213074402938
hsa04917	-0.00624659088660318	-1.09788574614034	0.273608702591945	0.326036717459862	-7.048969589419
hsa04010	-0.0056196534107702	-1.06589489909552	0.287789617515161	0.340893654080458	-7.08347301176243
hsa05223	0.00622183727883741	1.00895949377725	0.314244868625726	0.370027981399523	-7.14238466788238
hsa04810	0.00549759869468147	0.979720715779294	0.328438389608677	0.384466114894863	-7.17139489478514
hsa04920	-0.00240032921049105	-0.840808035771315	0.401485703016193	0.467226052048085	-7.29766836094338
hsa04660	0.00465550693802097	0.747936780049625	0.455399692291119	0.526886853290307	-7.37141691425037
hsa05224	0.00368744881122973	0.716104523638996	0.474783823047512	0.546138617262745	-7.39472222484075
hsa04973	-0.00367450604336161	-0.69907273894507	0.485339870355738	0.555072610349379	-7.40677768726272
hsa04141	0.00151855668941359	0.689248633982922	0.491486453771612	0.558890310288862	-7.41360009872483
hsa05169	-0.00216730929610431	-0.623001374860953	0.534011833839694	0.603797471216472	-7.45709631052486
hsa04933	-0.0030206896351288	-0.566288346264994	0.571849176603236	0.639386108684835	-7.4908568559558
hsa04071	-0.00314445284385156	-0.566193962421069	0.57191320274322	0.639386108684835	-7.49091036698757
hsa05030	-0.00294680442702733	-0.559714968690444	0.576316473745098	0.640709375839523	-7.49456238837278
hsa05222	0.00351328365878523	0.517834737185858	0.605160791540635	0.669038875092146	-7.51715816714653
hsa04370	0.00291698960218101	0.469792381661065	0.639028487727992	0.702578282087682	-7.54092117678926
hsa04666	-0.00208870418205009	-0.35818680525743	0.720591114204509	0.787899075421413	-7.58721738713256
hsa04721	0.00159638844675802	0.346837991201417	0.729087180764096	0.792832508044017	-7.59122704215776
hsa04918	0.00118310816291434	0.331512381624709	0.740613634807441	0.800989746340656	-7.59643712333728
hsa04137	0.000806049551293153	0.31907239058647	0.750013281739548	0.803104694860533	-7.60049330368973
hsa04664	-0.000825012128185421	-0.318243989609078	0.750640569065624	0.803104694860533	-7.60075790902661
hsa05221	-0.0014963491189377	-0.29660229885773	0.767085948567585	0.812161638660539	-7.6074271451917
hsa04620	0.00109892388031518	0.296363152413774	0.767268281749655	0.812161638660539	-7.60749822179725
hsa05416	0.00135527848826245	0.253200114005078	0.800380416580319	0.842728586769754	-7.61938843651482
hsa05132	0.000678056246959269	0.239547787690449	0.810932546250778	0.849345140546868	-7.62276073042334
hsa05226	0.00134072889496828	0.222167426186506	0.824416149872166	0.85894666923854	-7.6267836692635
hsa04371	-0.000775484879258048	-0.215653084875827	0.829483660547736	0.859725252338539	-7.62821351502692
hsa05152	-0.000499589518186294	-0.163999759213854	0.869901257980593	0.896944820404861	-7.63804530516703
hsa04650	-0.000828683224253002	-0.122831242778086	0.902367284418142	0.925624173191806	-7.64396601849125
hsa05215	-0.000640836660565913	-0.10980049808744	0.912680555055516	0.931402207466911	-7.64548599718255
hsa04658	-0.000128184459081027	-0.038613063338436	0.969238404532956	0.977743539901434	-7.65078374648181
hsa04659	-0.000128184459081027	-0.038613063338436	0.969238404532956	0.977743539901434	-7.65078374648181
hsa04144	0.000124881891053974	0.0341025687401558	0.972830255781326	0.977743539901434	-7.65094821341141
hsa04915	1.80345612363908e-05	0.00202234609864797	0.998388470552859	0.998388470552859	-7.65152934234622
