snps	gene	statistic	pvalue	FDR	beta	allele_1	minor_allele	minor_allele_freq	chr_name	chrom_start	chrom_end	ensembl_gene_stable_id	chromosome_name	start_position	end_position	strand	hgnc_symbol	entrezgene
rs17144936	2748646	13.7128618963559	1.39149798956322e-29	6.07664723005798e-22	2.74910211035551	T	T	0.0675497	X	38405786	38405786	ENSG00000036473	X	38352545	38421450	1	OTC	5009
rs17144936	2748646	13.7128618963559	1.39149798956322e-29	6.07664723005798e-22	2.74910211035551	T	T	0.0675497	X	38405786	38405786	ENSG00000250349	X	37349330	38687674	1		NA
rs2040414	3374517	7.78466929268886	5.7432525168479e-13	8.36022755327682e-06	3.61964226808766	G	G	0.0571086	13	33014800	33014800	ENSG00000133116	13	33016433	33066145	1	KL	9365
rs2040415	3374517	7.78466929268886	5.7432525168479e-13	8.36022755327682e-06	3.61964226808766	G	A	0.0638978	13	33015188	33015188	ENSG00000133116	13	33016433	33066145	1	KL	9365
rs11466172	2598261	7.18867278352196	1.79330516454258e-11	0.000195783302284664	0.879440115373524	G	A	0.00199681	17	49514772	49514772	ENSG00000277478	17	49510817	49510900	1	MIR6165	102465141
rs11466172	2598261	7.18867278352196	1.79330516454258e-11	0.000195783302284664	0.879440115373524	G	A	0.00199681	17	49514772	49514772	ENSG00000064300	17	49495293	49515017	1	NGFR	4804
rs11466172	2598261	7.18867278352196	1.79330516454258e-11	0.000195783302284664	0.879440115373524	G	A	0.00199681	17	49514772	49514772	ENSG00000249906	17	49505657	49574064	-1		100288866
rs17078463	2578790	7.14663838521872	2.27414663841781e-11	0.000198623166899795	0.667050161677914	T	C	0.0315495	3	45948027	45948027	ENSG00000172215	3	45940933	45948353	1	CXCR6	10663
rs17078463	2578790	7.14663838521872	2.27414663841781e-11	0.000198623166899795	0.667050161677914	T	C	0.0315495	3	45948027	45948027	ENSG00000163820	3	45917899	45995824	-1	FYCO1	79443
rs13386331	3275356	7.08353904127901	3.24411066057163e-11	0.000206456425578568	1.50029113829025	C	A	0.0521166	2	25351395	25351395	NA	NA	NA	NA	NA	NA	NA
rs1048156	3331351	7.07999284343331	3.30936753729526e-11	0.000206456425578568	1.63425497587463	G	A	0.127596	10	47922575	47922575	ENSG00000276850	10	47908064	47991850	-1		NA
rs1048156	3331351	7.07999284343331	3.30936753729526e-11	0.000206456425578568	1.63425497587463	G	A	0.127596	10	47922575	47922575	ENSG00000264717	10	47918739	47923524	1	NPY4R2	100996758
rs1048156	3331351	7.07999284343331	3.30936753729526e-11	0.000206456425578568	1.63425497587463	G	A	0.127596	10	47922575	47922575	ENSG00000264717	10	47918739	47923524	1	NPY4R2	105379861
rs41289620	2578790	6.93955154913825	7.25195681411427e-11	0.000352451527038448	0.566557214569873	C	T	0.00599042	3	45962243	45962243	ENSG00000163820	3	45917899	45995824	-1	FYCO1	79443
rs34801630	2578790	6.9392592878749	7.26374290710683e-11	0.000352451527038448	0.567082705416095	C	T	0.0547125	3	45966354	45966354	ENSG00000163820	3	45917899	45995824	-1	FYCO1	79443
rs8115360	2633737	6.78580589878621	1.69530021621633e-10	0.000701788017714048	1.75079815037976	T	C	0.0607029	20	32796080	32796080	ENSG00000088305	20	32762385	32809356	1	DNMT3B	1789
rs4253678	2660013	6.77818207958379	1.76773512869082e-10	0.000701788017714048	1.71109254147709	G	A	0.0211661	22	46178113	46178113	ENSG00000186951	22	46150521	46243756	1	PPARA	5465
rs17078463	2748646	6.55748788934168	5.86810014823019e-10	0.00213549083906322	0.984802643996605	T	C	0.0315495	3	45948027	45948027	ENSG00000172215	3	45940933	45948353	1	CXCR6	10663
rs17078463	2748646	6.55748788934168	5.86810014823019e-10	0.00213549083906322	0.984802643996605	T	C	0.0315495	3	45948027	45948027	ENSG00000163820	3	45917899	45995824	-1	FYCO1	79443
rs13386331	3160175	6.29918832157449	2.321921772631e-09	0.00755168740723798	1.35265642201281	C	A	0.0521166	2	25351395	25351395	NA	NA	NA	NA	NA	NA	NA
rs4663093	3977067	-6.29124736278925	2.42097663826929e-09	0.00755168740723798	-1.40228370260892	C	T	0.0720847	2	127081858	127081858	ENSG00000136717	2	127048027	127107355	-1	BIN1	274
rs13386331	3344142	6.20582436429793	3.78707530570857e-09	0.011025394138336	0.786323726891307	C	A	0.0521166	2	25351395	25351395	NA	NA	NA	NA	NA	NA	NA
rs4732731	3331351	6.14539635497746	5.18567092650942e-09	0.013467045233229	2.04036176557359	C	T	0.0672923	8	27618657	27618657	ENSG00000120885	8	27596917	27615031	-1	CLU	1191
rs5473	3331351	6.14329389906183	5.24251641052854e-09	0.013467045233229	2.03999328625394	G	A	0.0467252	16	72059118	72059118	ENSG00000257017	16	72054592	72061055	1	HP	3240
rs5473	3331351	6.14329389906183	5.24251641052854e-09	0.013467045233229	2.03999328625394	G	A	0.0467252	16	72059118	72059118	ENSG00000261701	16	72063224	72077246	1	HPR	3250
rs5473	3331351	6.14329389906183	5.24251641052854e-09	0.013467045233229	2.03999328625394	G	A	0.0467252	16	72059118	72059118	ENSG00000140830	16	72044289	72094431	-1	TXNL4B	54957
rs826082	2788003	6.11669909846579	6.01656542750732e-09	0.0145967974057628	1.821950195919	T	T	0.149161	11	74011576	74011576	ENSG00000168014	11	74012714	74171210	-1	C2CD3	26005
rs826082	2788003	6.11669909846579	6.01656542750732e-09	0.0145967974057628	1.821950195919	T	T	0.149161	11	74011576	74011576	ENSG00000175564	11	74000281	74009435	-1	UCP3	7352
rs3752472	3576633	6.07187527295555	7.58225108148757e-09	0.0174271352764406	1.43348522370158	C	T	0.0389377	13	33055256	33055256	ENSG00000133116	13	33016433	33066145	1	KL	9365
rs9331942	3620457	-6.03170011010992	9.3207145274577e-09	0.020351698148416	-0.271459094865655	A	G	0.120008	8	27597597	27597597	ENSG00000120885	8	27596917	27615031	-1	CLU	1191
rs9331942	3946510	-6.02067652031164	9.86245520458062e-09	0.02050912776152	-0.468099398347725	A	G	0.120008	8	27597597	27597597	ENSG00000120885	8	27596917	27615031	-1	CLU	1191
rs9331942	2328486	-5.85430305412306	2.29578947543445e-08	0.0451047375903158	-0.676567219815357	A	G	0.120008	8	27597597	27597597	ENSG00000120885	8	27596917	27615031	-1	CLU	1191
rs17144936	2844387	5.84751480650394	2.37557395371519e-08	0.0451047375903158	1.77900944277835	T	T	0.0675497	X	38405786	38405786	ENSG00000036473	X	38352545	38421450	1	OTC	5009
rs17144936	2844387	5.84751480650394	2.37557395371519e-08	0.0451047375903158	1.77900944277835	T	T	0.0675497	X	38405786	38405786	ENSG00000250349	X	37349330	38687674	1		NA
