snps	gene	statistic	pvalue	FDR	beta	allele_1	minor_allele	minor_allele_freq	chr_name	chrom_start	chrom_end	ensembl_gene_stable_id	chromosome_name	start_position	end_position	strand	hgnc_symbol	entrezgene
rs8192466	2339334	8.17376958198245	6.07727043044957e-12	9.8231017818359e-05	2.89531872930062	G	A	0.000798722	11	27658560	27658560	ENSG00000176697	11	27654893	27722058	-1	BDNF	627
rs8192466	2339334	8.17376958198245	6.07727043044957e-12	9.8231017818359e-05	2.89531872930062	G	A	0.000798722	11	27658560	27658560	ENSG00000245573	11	27506838	27698174	1	BDNF-AS	497258
rs3947589	3531163	8.15241451840663	6.66977557586573e-12	9.8231017818359e-05	1.09137216682739	G	A	0.176518	3	45992594	45992594	ENSG00000163820	3	45917899	45995824	-1	FYCO1	79443
rs2276856	3531163	8.14973081438379	6.74820794915677e-12	9.8231017818359e-05	1.09426189992941	C	T	0.157149	3	45995913	45995913	ENSG00000163820	3	45917899	45995824	-1	FYCO1	79443
rs17144936	3275392	8.0427995728947	1.07509615198823e-11	0.000117373149351008	3.01628439153447	T	T	0.0675497	X	38405786	38405786	ENSG00000036473	X	38352545	38421450	1	OTC	5009
rs17144936	3275392	8.0427995728947	1.07509615198823e-11	0.000117373149351008	3.01628439153447	T	T	0.0675497	X	38405786	38405786	ENSG00000250349	X	37349330	38687674	1	NA	NA
rs3947589	2366941	7.79514892174472	3.15799306585634e-11	0.000275818002758333	2.18886050600057	G	A	0.176518	3	45992594	45992594	ENSG00000163820	3	45917899	45995824	-1	FYCO1	79443
rs2276856	2366941	7.72756365856262	4.236079298568e-11	0.000302461077520875	2.18452519936585	C	T	0.157149	3	45995913	45995913	ENSG00000163820	3	45917899	45995824	-1	FYCO1	79443
rs3752472	3576633	7.69648729507403	4.84826213782341e-11	0.000302461077520875	1.4448581095222	C	T	0.0389377	13	33055256	33055256	ENSG00000133116	13	33016433	33066145	1	KL	9365
rs61757294	2633737	7.58578582361069	7.83881916163361e-11	0.000427899816445459	1.89567920744552	A	G	0.053115	8	142912850	142912850	ENSG00000179142	8	142910559	142917843	-1	CYP11B2	1585
rs61757294	2633737	7.58578582361069	7.83881916163361e-11	0.000427899816445459	1.89567920744552	A	G	0.053115	8	142912850	142912850	ENSG00000104499	8	142834247	142916506	1	GML	2765
rs3752228	3791341	7.41432614916239	1.64763265790468e-10	0.000618188864088236	0.573944701821214	C	T	0.0806709	19	1041165	1041165	ENSG00000064687	19	1040101	1065572	1	ABCA7	10347
rs3752228	3791341	7.41432614916239	1.64763265790468e-10	0.000618188864088236	0.573944701821214	C	T	0.0806709	19	1041165	1041165	ENSG00000279753	19	1038727	1039064	-1	NA	NA
rs3752228	3791341	7.41432614916239	1.64763265790468e-10	0.000618188864088236	0.573944701821214	C	T	0.0806709	19	1041165	1041165	ENSG00000064666	19	1026581	1039068	1	CNN2	1265
rs3752232	3791341	7.41432614916239	1.64763265790468e-10	0.000618188864088236	0.573944701821214	G	G	0.112819	19	1043749	1043749	ENSG00000064687	19	1040101	1065572	1	ABCA7	10347
rs3752232	3791341	7.41432614916239	1.64763265790468e-10	0.000618188864088236	0.573944701821214	G	G	0.112819	19	1043749	1043749	ENSG00000279753	19	1038727	1039064	-1	NA	NA
rs3752232	3791341	7.41432614916239	1.64763265790468e-10	0.000618188864088236	0.573944701821214	G	G	0.112819	19	1043749	1043749	ENSG00000064666	19	1026581	1039068	1	CNN2	1265
rs4147916	3791341	7.41432614916239	1.64763265790468e-10	0.000618188864088236	0.573944701821214	G	A	0.0565096	19	1057138	1057138	ENSG00000064687	19	1040101	1065572	1	ABCA7	10347
rs3764647	3791341	7.38876648137591	1.84027653355028e-10	0.000618188864088236	0.57284914554132	G	G	0.108826	19	1044713	1044713	ENSG00000064687	19	1040101	1065572	1	ABCA7	10347
rs4147918	3791341	7.38876648137591	1.84027653355028e-10	0.000618188864088236	0.57284914554132	A	G	0.0565096	19	1058177	1058177	ENSG00000064687	19	1040101	1065572	1	ABCA7	10347
rs3947589	3768703	7.31536352167374	2.52746410718225e-10	0.000788385090906902	1.62760325407231	G	A	0.176518	3	45992594	45992594	ENSG00000163820	3	45917899	45995824	-1	FYCO1	79443
rs2276856	3768703	7.29483598908831	2.76179358807359e-10	0.000804046932770015	1.62953331528963	C	T	0.157149	3	45995913	45995913	ENSG00000163820	3	45917899	45995824	-1	FYCO1	79443
rs3947589	2760632	7.23533193930123	3.57051087139362e-10	0.000974522383399038	2.24296195078658	G	A	0.176518	3	45992594	45992594	ENSG00000163820	3	45917899	45995824	-1	FYCO1	79443
rs2276856	2760632	7.13216121282448	5.56953975984484e-10	0.00143071071219663	2.23033921101866	C	T	0.157149	3	45995913	45995913	ENSG00000163820	3	45917899	45995824	-1	FYCO1	79443
rs3947589	3768791	7.07911337510047	6.99745982256004e-10	0.00164877904632677	2.20471520340356	G	A	0.176518	3	45992594	45992594	ENSG00000163820	3	45917899	45995824	-1	FYCO1	79443
rs2276856	3768791	7.07333280018498	7.17355807987883e-10	0.00164877904632677	2.20985942618062	C	T	0.157149	3	45995913	45995913	ENSG00000163820	3	45917899	45995824	-1	FYCO1	79443
rs1937	2893794	7.01760149816868	9.11445308872854e-10	0.00199013281120516	1.32209974819965	G	C	0.0884585	10	58385582	58385582	ENSG00000108064	10	58385022	58399221	1	TFAM	7019
rs11970671	3878411	6.89604442614598	1.53489392076728e-09	0.00319183558945605	1.33166943917865	T		NA	6	32040088	32040088	ENSG00000224389	6	32014762	32035418	1	C4B	721
rs11970671	3878411	6.89604442614598	1.53489392076728e-09	0.00319183558945605	1.33166943917865	T		NA	6	32040088	32040088	ENSG00000229776	6	32032713	32036258	-1	C4B-AS1	102060414
rs11970671	3878411	6.89604442614598	1.53489392076728e-09	0.00319183558945605	1.33166943917865	T		NA	6	32040088	32040088	ENSG00000231852	6	32038265	32041670	1	CYP21A2	1589
rs11970671	3878411	6.89604442614598	1.53489392076728e-09	0.00319183558945605	1.33166943917865	T		NA	6	32040088	32040088	ENSG00000168477	6	32041154	32115334	-1	TNXB	7148
rs11970671	3878411	6.89604442614598	1.53489392076728e-09	0.00319183558945605	1.33166943917865	T		NA	CHR_HSCHR6_MHC_COX_CTG1	31988529	31988529	ENSG00000233151	CHR_HSCHR6_MHC_COX_CTG1	31986739	31990111	1	CYP21A2	1589
rs11970671	3878411	6.89604442614598	1.53489392076728e-09	0.00319183558945605	1.33166943917865	T		NA	CHR_HSCHR6_MHC_COX_CTG1	31988529	31988529	ENSG00000233323	CHR_HSCHR6_MHC_COX_CTG1	31989596	32066062	-1	TNXB	7148
rs11970671	3878411	6.89604442614598	1.53489392076728e-09	0.00319183558945605	1.33166943917865	T		NA	CHR_HSCHR6_MHC_COX_CTG1	31988529	31988529	ENSG00000228267	CHR_HSCHR6_MHC_COX_CTG1	31969570	31983859	1	C4B	721
rs11970671	3878411	6.89604442614598	1.53489392076728e-09	0.00319183558945605	1.33166943917865	T		NA	CHR_HSCHR6_MHC_COX_CTG1	31988529	31988529	ENSG00000236587	CHR_HSCHR6_MHC_COX_CTG1	31981170	31984699	-1	NA	NA
rs11970671	3878411	6.89604442614598	1.53489392076728e-09	0.00319183558945605	1.33166943917865	T		NA	CHR_HSCHR6_MHC_DBB_CTG1	32015903	32015903	ENSG00000225512	CHR_HSCHR6_MHC_DBB_CTG1	32008544	32012073	-1	NA	NA
rs11970671	3878411	6.89604442614598	1.53489392076728e-09	0.00319183558945605	1.33166943917865	T		NA	CHR_HSCHR6_MHC_DBB_CTG1	32015903	32015903	ENSG00000236625	CHR_HSCHR6_MHC_DBB_CTG1	31996944	32011233	1	C4B	721
rs11970671	3878411	6.89604442614598	1.53489392076728e-09	0.00319183558945605	1.33166943917865	T		NA	CHR_HSCHR6_MHC_DBB_CTG1	32015903	32015903	ENSG00000231608	CHR_HSCHR6_MHC_DBB_CTG1	32016970	32093383	-1	TNXB	7148
rs11970671	3878411	6.89604442614598	1.53489392076728e-09	0.00319183558945605	1.33166943917865	T		NA	CHR_HSCHR6_MHC_DBB_CTG1	32015903	32015903	ENSG00000232414	CHR_HSCHR6_MHC_DBB_CTG1	32014113	32017485	1	CYP21A2	1589
rs11970671	3878411	6.89604442614598	1.53489392076728e-09	0.00319183558945605	1.33166943917865	T		NA	CHR_HSCHR6_MHC_MCF_CTG1	32116528	32116528	ENSG00000206258	CHR_HSCHR6_MHC_MCF_CTG1	32117595	32194037	-1	TNXB	7148
rs11970671	3878411	6.89604442614598	1.53489392076728e-09	0.00319183558945605	1.33166943917865	T		NA	CHR_HSCHR6_MHC_MCF_CTG1	32116528	32116528	ENSG00000235134	CHR_HSCHR6_MHC_MCF_CTG1	32114742	32118110	1	CYP21A2	1589
rs11970671	3878411	6.89604442614598	1.53489392076728e-09	0.00319183558945605	1.33166943917865	T		NA	CHR_HSCHR6_MHC_MCF_CTG1	32116528	32116528	ENSG00000225540	CHR_HSCHR6_MHC_MCF_CTG1	32109173	32112702	-1	C4A-AS1	NA
rs11970671	3878411	6.89604442614598	1.53489392076728e-09	0.00319183558945605	1.33166943917865	T		NA	CHR_HSCHR6_MHC_MCF_CTG1	32116528	32116528	ENSG00000227746	CHR_HSCHR6_MHC_MCF_CTG1	32091205	32111862	1	C4A	720
rs11970671	3878411	6.89604442614598	1.53489392076728e-09	0.00319183558945605	1.33166943917865	T		NA	CHR_HSCHR6_MHC_MCF_CTG1	32116528	32116528	ENSG00000227746	CHR_HSCHR6_MHC_MCF_CTG1	32091205	32111862	1	C4A	110384692
rs11970671	3878411	6.89604442614598	1.53489392076728e-09	0.00319183558945605	1.33166943917865	T		NA	CHR_HSCHR6_MHC_SSTO_CTG1	32032740	32032740	ENSG00000228454	CHR_HSCHR6_MHC_SSTO_CTG1	32007416	32028073	1	C4B	721
rs11970671	3878411	6.89604442614598	1.53489392076728e-09	0.00319183558945605	1.33166943917865	T		NA	CHR_HSCHR6_MHC_SSTO_CTG1	32032740	32032740	ENSG00000238170	CHR_HSCHR6_MHC_SSTO_CTG1	32025384	32028913	-1	C4A-AS1	NA
rs11970671	3878411	6.89604442614598	1.53489392076728e-09	0.00319183558945605	1.33166943917865	T		NA	CHR_HSCHR6_MHC_SSTO_CTG1	32032740	32032740	ENSG00000236236	CHR_HSCHR6_MHC_SSTO_CTG1	32033807	32060653	-1	TNXB	7148
rs11970671	3878411	6.89604442614598	1.53489392076728e-09	0.00319183558945605	1.33166943917865	T		NA	CHR_HSCHR6_MHC_SSTO_CTG1	32032740	32032740	ENSG00000198457	CHR_HSCHR6_MHC_SSTO_CTG1	32030953	32034322	1	CYP21A2	1589
rs3752228	3257268	6.79345675070575	2.37984185363073e-09	0.00407855452768606	0.834137144646966	C	T	0.0806709	19	1041165	1041165	ENSG00000064687	19	1040101	1065572	1	ABCA7	10347
rs3752228	3257268	6.79345675070575	2.37984185363073e-09	0.00407855452768606	0.834137144646966	C	T	0.0806709	19	1041165	1041165	ENSG00000279753	19	1038727	1039064	-1	NA	NA
rs3752228	3257268	6.79345675070575	2.37984185363073e-09	0.00407855452768606	0.834137144646966	C	T	0.0806709	19	1041165	1041165	ENSG00000064666	19	1026581	1039068	1	CNN2	1265
rs3752232	3257268	6.79345675070575	2.37984185363073e-09	0.00407855452768606	0.834137144646966	G	G	0.112819	19	1043749	1043749	ENSG00000064687	19	1040101	1065572	1	ABCA7	10347
rs3752232	3257268	6.79345675070575	2.37984185363073e-09	0.00407855452768606	0.834137144646966	G	G	0.112819	19	1043749	1043749	ENSG00000279753	19	1038727	1039064	-1	NA	NA
rs3752232	3257268	6.79345675070575	2.37984185363073e-09	0.00407855452768606	0.834137144646966	G	G	0.112819	19	1043749	1043749	ENSG00000064666	19	1026581	1039068	1	CNN2	1265
rs4147916	3257268	6.79345675070575	2.37984185363073e-09	0.00407855452768606	0.834137144646966	G	A	0.0565096	19	1057138	1057138	ENSG00000064687	19	1040101	1065572	1	ABCA7	10347
rs3764647	3257268	6.78873691139533	2.42827673681116e-09	0.00407855452768606	0.833841491813744	G	G	0.108826	19	1044713	1044713	ENSG00000064687	19	1040101	1065572	1	ABCA7	10347
rs4147918	3257268	6.78873691139533	2.42827673681116e-09	0.00407855452768606	0.833841491813744	A	G	0.0565096	19	1058177	1058177	ENSG00000064687	19	1040101	1065572	1	ABCA7	10347
rs3752228	3922100	6.75554358131296	2.79770239007987e-09	0.00421293693031611	1.34902583906976	C	T	0.0806709	19	1041165	1041165	ENSG00000064687	19	1040101	1065572	1	ABCA7	10347
rs3752228	3922100	6.75554358131296	2.79770239007987e-09	0.00421293693031611	1.34902583906976	C	T	0.0806709	19	1041165	1041165	ENSG00000279753	19	1038727	1039064	-1	NA	NA
rs3752228	3922100	6.75554358131296	2.79770239007987e-09	0.00421293693031611	1.34902583906976	C	T	0.0806709	19	1041165	1041165	ENSG00000064666	19	1026581	1039068	1	CNN2	1265
rs3752232	3922100	6.75554358131296	2.79770239007987e-09	0.00421293693031611	1.34902583906976	G	G	0.112819	19	1043749	1043749	ENSG00000064687	19	1040101	1065572	1	ABCA7	10347
rs3752232	3922100	6.75554358131296	2.79770239007987e-09	0.00421293693031611	1.34902583906976	G	G	0.112819	19	1043749	1043749	ENSG00000279753	19	1038727	1039064	-1	NA	NA
rs3752232	3922100	6.75554358131296	2.79770239007987e-09	0.00421293693031611	1.34902583906976	G	G	0.112819	19	1043749	1043749	ENSG00000064666	19	1026581	1039068	1	CNN2	1265
rs4147916	3922100	6.75554358131296	2.79770239007987e-09	0.00421293693031611	1.34902583906976	G	A	0.0565096	19	1057138	1057138	ENSG00000064687	19	1040101	1065572	1	ABCA7	10347
rs3764647	3922100	6.72354803290619	3.20648221388814e-09	0.00451698432063308	1.34516221373299	G	G	0.108826	19	1044713	1044713	ENSG00000064687	19	1040101	1065572	1	ABCA7	10347
rs4147918	3922100	6.72354803290619	3.20648221388814e-09	0.00451698432063308	1.34516221373299	A	G	0.0565096	19	1058177	1058177	ENSG00000064687	19	1040101	1065572	1	ABCA7	10347
rs9331942	2893794	6.60826209419016	5.23543846269256e-09	0.00714470863214421	1.77481408483278	A	G	0.120008	8	27597597	27597597	ENSG00000120885	8	27596917	27615031	-1	CLU	1191
rs3752228	3474831	6.57002848472564	6.15733631917238e-09	0.00764927046669713	0.982316705168947	C	T	0.0806709	19	1041165	1041165	ENSG00000064687	19	1040101	1065572	1	ABCA7	10347
rs3752228	3474831	6.57002848472564	6.15733631917238e-09	0.00764927046669713	0.982316705168947	C	T	0.0806709	19	1041165	1041165	ENSG00000279753	19	1038727	1039064	-1	NA	NA
rs3752228	3474831	6.57002848472564	6.15733631917238e-09	0.00764927046669713	0.982316705168947	C	T	0.0806709	19	1041165	1041165	ENSG00000064666	19	1026581	1039068	1	CNN2	1265
rs3752232	3474831	6.57002848472564	6.15733631917238e-09	0.00764927046669713	0.982316705168947	G	G	0.112819	19	1043749	1043749	ENSG00000064687	19	1040101	1065572	1	ABCA7	10347
rs3752232	3474831	6.57002848472564	6.15733631917238e-09	0.00764927046669713	0.982316705168947	G	G	0.112819	19	1043749	1043749	ENSG00000279753	19	1038727	1039064	-1	NA	NA
rs3752232	3474831	6.57002848472564	6.15733631917238e-09	0.00764927046669713	0.982316705168947	G	G	0.112819	19	1043749	1043749	ENSG00000064666	19	1026581	1039068	1	CNN2	1265
rs4147916	3474831	6.57002848472564	6.15733631917238e-09	0.00764927046669713	0.982316705168947	G	A	0.0565096	19	1057138	1057138	ENSG00000064687	19	1040101	1065572	1	ABCA7	10347
rs3764647	3474831	6.55367481686341	6.59924787311355e-09	0.00764927046669713	0.98084252050387	G	G	0.108826	19	1044713	1044713	ENSG00000064687	19	1040101	1065572	1	ABCA7	10347
rs4147918	3474831	6.55367481686341	6.59924787311355e-09	0.00764927046669713	0.98084252050387	A	G	0.0565096	19	1058177	1058177	ENSG00000064687	19	1040101	1065572	1	ABCA7	10347
rs3764647	2677902	6.52622705381541	7.41273532521307e-09	0.00764927046669713	0.466263950199191	G	G	0.108826	19	1044713	1044713	ENSG00000064687	19	1040101	1065572	1	ABCA7	10347
rs4147918	2677902	6.52622705381541	7.41273532521307e-09	0.00764927046669713	0.466263950199191	A	G	0.0565096	19	1058177	1058177	ENSG00000064687	19	1040101	1065572	1	ABCA7	10347
rs3752228	2677902	6.52081700791397	7.58443770216837e-09	0.00764927046669713	0.46598419341593	C	T	0.0806709	19	1041165	1041165	ENSG00000064687	19	1040101	1065572	1	ABCA7	10347
rs3752228	2677902	6.52081700791397	7.58443770216837e-09	0.00764927046669713	0.46598419341593	C	T	0.0806709	19	1041165	1041165	ENSG00000279753	19	1038727	1039064	-1	NA	NA
rs3752228	2677902	6.52081700791397	7.58443770216837e-09	0.00764927046669713	0.46598419341593	C	T	0.0806709	19	1041165	1041165	ENSG00000064666	19	1026581	1039068	1	CNN2	1265
rs3752232	2677902	6.52081700791397	7.58443770216837e-09	0.00764927046669713	0.46598419341593	G	G	0.112819	19	1043749	1043749	ENSG00000064687	19	1040101	1065572	1	ABCA7	10347
rs3752232	2677902	6.52081700791397	7.58443770216837e-09	0.00764927046669713	0.46598419341593	G	G	0.112819	19	1043749	1043749	ENSG00000279753	19	1038727	1039064	-1	NA	NA
rs3752232	2677902	6.52081700791397	7.58443770216837e-09	0.00764927046669713	0.46598419341593	G	G	0.112819	19	1043749	1043749	ENSG00000064666	19	1026581	1039068	1	CNN2	1265
rs4147916	2677902	6.52081700791397	7.58443770216837e-09	0.00764927046669713	0.46598419341593	G	A	0.0565096	19	1057138	1057138	ENSG00000064687	19	1040101	1065572	1	ABCA7	10347
rs17108177	3742627	-6.51723063228897	7.70042903053474e-09	0.00764927046669713	-2.27322206588368	C	T	0.023762	1	53266466	53266466	ENSG00000157193	1	53242364	53328070	-1	LRP8	7804
rs17108177	3742627	-6.51723063228897	7.70042903053474e-09	0.00764927046669713	-2.27322206588368	C	T	0.023762	1	53266466	53266466	ENSG00000234578	1	53267935	53268601	1	NA	NA
rs3947589	2366884	6.51702586226052	7.70710457946141e-09	0.00764927046669713	3.35568127998693	G	A	0.176518	3	45992594	45992594	ENSG00000163820	3	45917899	45995824	-1	FYCO1	79443
rs11466165	2633737	6.49040998480145	8.62547650645618e-09	0.00837051202117947	1.40656384279296	C	T	0.00798722	17	49513673	49513673	ENSG00000277478	17	49510817	49510900	1	MIR6165	102465141
rs11466165	2633737	6.49040998480145	8.62547650645618e-09	0.00837051202117947	1.40656384279296	C	T	0.00798722	17	49513673	49513673	ENSG00000064300	17	49495293	49515017	1	NGFR	4804
rs11466165	2633737	6.49040998480145	8.62547650645618e-09	0.00837051202117947	1.40656384279296	C	T	0.00798722	17	49513673	49513673	ENSG00000249906	17	49505657	49574064	-1	NA	100288866
rs11970671	3275440	6.48321664888142	8.89178334913602e-09	0.00844136117180218	1.03254550432343	T		NA	6	32040088	32040088	ENSG00000224389	6	32014762	32035418	1	C4B	721
rs11970671	3275440	6.48321664888142	8.89178334913602e-09	0.00844136117180218	1.03254550432343	T		NA	6	32040088	32040088	ENSG00000229776	6	32032713	32036258	-1	C4B-AS1	102060414
rs11970671	3275440	6.48321664888142	8.89178334913602e-09	0.00844136117180218	1.03254550432343	T		NA	6	32040088	32040088	ENSG00000231852	6	32038265	32041670	1	CYP21A2	1589
rs11970671	3275440	6.48321664888142	8.89178334913602e-09	0.00844136117180218	1.03254550432343	T		NA	6	32040088	32040088	ENSG00000168477	6	32041154	32115334	-1	TNXB	7148
rs11970671	3275440	6.48321664888142	8.89178334913602e-09	0.00844136117180218	1.03254550432343	T		NA	CHR_HSCHR6_MHC_COX_CTG1	31988529	31988529	ENSG00000233151	CHR_HSCHR6_MHC_COX_CTG1	31986739	31990111	1	CYP21A2	1589
rs11970671	3275440	6.48321664888142	8.89178334913602e-09	0.00844136117180218	1.03254550432343	T		NA	CHR_HSCHR6_MHC_COX_CTG1	31988529	31988529	ENSG00000233323	CHR_HSCHR6_MHC_COX_CTG1	31989596	32066062	-1	TNXB	7148
rs11970671	3275440	6.48321664888142	8.89178334913602e-09	0.00844136117180218	1.03254550432343	T		NA	CHR_HSCHR6_MHC_COX_CTG1	31988529	31988529	ENSG00000228267	CHR_HSCHR6_MHC_COX_CTG1	31969570	31983859	1	C4B	721
rs11970671	3275440	6.48321664888142	8.89178334913602e-09	0.00844136117180218	1.03254550432343	T		NA	CHR_HSCHR6_MHC_COX_CTG1	31988529	31988529	ENSG00000236587	CHR_HSCHR6_MHC_COX_CTG1	31981170	31984699	-1	NA	NA
rs11970671	3275440	6.48321664888142	8.89178334913602e-09	0.00844136117180218	1.03254550432343	T		NA	CHR_HSCHR6_MHC_DBB_CTG1	32015903	32015903	ENSG00000225512	CHR_HSCHR6_MHC_DBB_CTG1	32008544	32012073	-1	NA	NA
rs11970671	3275440	6.48321664888142	8.89178334913602e-09	0.00844136117180218	1.03254550432343	T		NA	CHR_HSCHR6_MHC_DBB_CTG1	32015903	32015903	ENSG00000236625	CHR_HSCHR6_MHC_DBB_CTG1	31996944	32011233	1	C4B	721
rs11970671	3275440	6.48321664888142	8.89178334913602e-09	0.00844136117180218	1.03254550432343	T		NA	CHR_HSCHR6_MHC_DBB_CTG1	32015903	32015903	ENSG00000231608	CHR_HSCHR6_MHC_DBB_CTG1	32016970	32093383	-1	TNXB	7148
rs11970671	3275440	6.48321664888142	8.89178334913602e-09	0.00844136117180218	1.03254550432343	T		NA	CHR_HSCHR6_MHC_DBB_CTG1	32015903	32015903	ENSG00000232414	CHR_HSCHR6_MHC_DBB_CTG1	32014113	32017485	1	CYP21A2	1589
rs11970671	3275440	6.48321664888142	8.89178334913602e-09	0.00844136117180218	1.03254550432343	T		NA	CHR_HSCHR6_MHC_MCF_CTG1	32116528	32116528	ENSG00000206258	CHR_HSCHR6_MHC_MCF_CTG1	32117595	32194037	-1	TNXB	7148
rs11970671	3275440	6.48321664888142	8.89178334913602e-09	0.00844136117180218	1.03254550432343	T		NA	CHR_HSCHR6_MHC_MCF_CTG1	32116528	32116528	ENSG00000235134	CHR_HSCHR6_MHC_MCF_CTG1	32114742	32118110	1	CYP21A2	1589
rs11970671	3275440	6.48321664888142	8.89178334913602e-09	0.00844136117180218	1.03254550432343	T		NA	CHR_HSCHR6_MHC_MCF_CTG1	32116528	32116528	ENSG00000225540	CHR_HSCHR6_MHC_MCF_CTG1	32109173	32112702	-1	C4A-AS1	NA
rs11970671	3275440	6.48321664888142	8.89178334913602e-09	0.00844136117180218	1.03254550432343	T		NA	CHR_HSCHR6_MHC_MCF_CTG1	32116528	32116528	ENSG00000227746	CHR_HSCHR6_MHC_MCF_CTG1	32091205	32111862	1	C4A	720
rs11970671	3275440	6.48321664888142	8.89178334913602e-09	0.00844136117180218	1.03254550432343	T		NA	CHR_HSCHR6_MHC_MCF_CTG1	32116528	32116528	ENSG00000227746	CHR_HSCHR6_MHC_MCF_CTG1	32091205	32111862	1	C4A	110384692
rs11970671	3275440	6.48321664888142	8.89178334913602e-09	0.00844136117180218	1.03254550432343	T		NA	CHR_HSCHR6_MHC_SSTO_CTG1	32032740	32032740	ENSG00000228454	CHR_HSCHR6_MHC_SSTO_CTG1	32007416	32028073	1	C4B	721
rs11970671	3275440	6.48321664888142	8.89178334913602e-09	0.00844136117180218	1.03254550432343	T		NA	CHR_HSCHR6_MHC_SSTO_CTG1	32032740	32032740	ENSG00000238170	CHR_HSCHR6_MHC_SSTO_CTG1	32025384	32028913	-1	C4A-AS1	NA
rs11970671	3275440	6.48321664888142	8.89178334913602e-09	0.00844136117180218	1.03254550432343	T		NA	CHR_HSCHR6_MHC_SSTO_CTG1	32032740	32032740	ENSG00000236236	CHR_HSCHR6_MHC_SSTO_CTG1	32033807	32060653	-1	TNXB	7148
rs11970671	3275440	6.48321664888142	8.89178334913602e-09	0.00844136117180218	1.03254550432343	T		NA	CHR_HSCHR6_MHC_SSTO_CTG1	32032740	32032740	ENSG00000198457	CHR_HSCHR6_MHC_SSTO_CTG1	32030953	32034322	1	CYP21A2	1589
rs2276856	2366884	6.42831454993814	1.12115602364834e-08	0.0104171672828219	3.33582917251764	C	T	0.157149	3	45995913	45995913	ENSG00000163820	3	45917899	45995824	-1	FYCO1	79443
rs3752228	3965984	6.38504745904806	1.34543288278647e-08	0.0117509634390195	0.657016666509537	C	T	0.0806709	19	1041165	1041165	ENSG00000064687	19	1040101	1065572	1	ABCA7	10347
rs3752228	3965984	6.38504745904806	1.34543288278647e-08	0.0117509634390195	0.657016666509537	C	T	0.0806709	19	1041165	1041165	ENSG00000279753	19	1038727	1039064	-1	NA	NA
rs3752228	3965984	6.38504745904806	1.34543288278647e-08	0.0117509634390195	0.657016666509537	C	T	0.0806709	19	1041165	1041165	ENSG00000064666	19	1026581	1039068	1	CNN2	1265
rs3752232	3965984	6.38504745904806	1.34543288278647e-08	0.0117509634390195	0.657016666509537	G	G	0.112819	19	1043749	1043749	ENSG00000064687	19	1040101	1065572	1	ABCA7	10347
rs3752232	3965984	6.38504745904806	1.34543288278647e-08	0.0117509634390195	0.657016666509537	G	G	0.112819	19	1043749	1043749	ENSG00000279753	19	1038727	1039064	-1	NA	NA
rs3752232	3965984	6.38504745904806	1.34543288278647e-08	0.0117509634390195	0.657016666509537	G	G	0.112819	19	1043749	1043749	ENSG00000064666	19	1026581	1039068	1	CNN2	1265
rs4147916	3965984	6.38504745904806	1.34543288278647e-08	0.0117509634390195	0.657016666509537	G	A	0.0565096	19	1057138	1057138	ENSG00000064687	19	1040101	1065572	1	ABCA7	10347
rs11466172	2490299	6.35429909848278	1.53131178224174e-08	0.0130375352774304	0.801217618659867	G	A	0.00199681	17	49514772	49514772	ENSG00000277478	17	49510817	49510900	1	MIR6165	102465141
rs11466172	2490299	6.35429909848278	1.53131178224174e-08	0.0130375352774304	0.801217618659867	G	A	0.00199681	17	49514772	49514772	ENSG00000064300	17	49495293	49515017	1	NGFR	4804
rs11466172	2490299	6.35429909848278	1.53131178224174e-08	0.0130375352774304	0.801217618659867	G	A	0.00199681	17	49514772	49514772	ENSG00000249906	17	49505657	49574064	-1	NA	100288866
rs3764647	3965984	6.34650988364228	1.58230399486797e-08	0.0130375352774304	0.654499792504898	G	G	0.108826	19	1044713	1044713	ENSG00000064687	19	1040101	1065572	1	ABCA7	10347
rs4147918	3965984	6.34650988364228	1.58230399486797e-08	0.0130375352774304	0.654499792504898	A	G	0.0565096	19	1058177	1058177	ENSG00000064687	19	1040101	1065572	1	ABCA7	10347
rs6002488	2877893	6.33860828615886	1.63575024388531e-08	0.0132283194923015	0.461129334589117	C	T	0.188299	22	41795536	41795536	ENSG00000167077	22	41699499	41799456	1	MEI1	150365
rs1801621	2585400	6.31944994080419	1.77287534478788e-08	0.0135205997160015	0.730897021893253	T	C	0.0117812	11	61964255	61964255	ENSG00000167995	11	61949821	61965515	1	BEST1	7439
rs1801621	2585400	6.31944994080419	1.77287534478788e-08	0.0135205997160015	0.730897021893253	T	C	0.0117812	11	61964255	61964255	ENSG00000167996	11	61959718	61967660	-1	FTH1	2495
rs1801621	2585400	6.31944994080419	1.77287534478788e-08	0.0135205997160015	0.730897021893253	T	C	0.0117812	11	61964255	61964255	ENSG00000279491	11	61967794	61969490	1	NA	NA
rs3764647	3181193	6.31418635953849	1.81250308282631e-08	0.0135205997160015	0.448243014078357	G	G	0.108826	19	1044713	1044713	ENSG00000064687	19	1040101	1065572	1	ABCA7	10347
rs4147918	3181193	6.31418635953849	1.81250308282631e-08	0.0135205997160015	0.448243014078357	A	G	0.0565096	19	1058177	1058177	ENSG00000064687	19	1040101	1065572	1	ABCA7	10347
rs3752228	3181193	6.30832579864985	1.85765800878907e-08	0.0135205997160015	0.447939515195891	C	T	0.0806709	19	1041165	1041165	ENSG00000064687	19	1040101	1065572	1	ABCA7	10347
rs3752228	3181193	6.30832579864985	1.85765800878907e-08	0.0135205997160015	0.447939515195891	C	T	0.0806709	19	1041165	1041165	ENSG00000279753	19	1038727	1039064	-1	NA	NA
rs3752228	3181193	6.30832579864985	1.85765800878907e-08	0.0135205997160015	0.447939515195891	C	T	0.0806709	19	1041165	1041165	ENSG00000064666	19	1026581	1039068	1	CNN2	1265
rs3752232	3181193	6.30832579864985	1.85765800878907e-08	0.0135205997160015	0.447939515195891	G	G	0.112819	19	1043749	1043749	ENSG00000064687	19	1040101	1065572	1	ABCA7	10347
rs3752232	3181193	6.30832579864985	1.85765800878907e-08	0.0135205997160015	0.447939515195891	G	G	0.112819	19	1043749	1043749	ENSG00000279753	19	1038727	1039064	-1	NA	NA
rs3752232	3181193	6.30832579864985	1.85765800878907e-08	0.0135205997160015	0.447939515195891	G	G	0.112819	19	1043749	1043749	ENSG00000064666	19	1026581	1039068	1	CNN2	1265
rs4147916	3181193	6.30832579864985	1.85765800878907e-08	0.0135205997160015	0.447939515195891	G	A	0.0565096	19	1057138	1057138	ENSG00000064687	19	1040101	1065572	1	ABCA7	10347
rs145999145	3036924	-6.28377457381073	2.05924625610778e-08	0.0147421182912928	-4.90636350787329	G	A	0.000599042	19	40371688	40371688	ENSG00000275652	19	40369846	40369907	1	MIR6796	102465477
rs145999145	3036924	-6.28377457381073	2.05924625610778e-08	0.0147421182912928	-4.90636350787329	G	A	0.000599042	19	40371688	40371688	ENSG00000105223	19	40348456	40380439	1	PLD3	23646
rs11970671	2436405	-6.2276572762012	2.60498763221898e-08	0.018348282487287	-2.78569674500154	T		NA	6	32040088	32040088	ENSG00000224389	6	32014762	32035418	1	C4B	721
rs11970671	2436405	-6.2276572762012	2.60498763221898e-08	0.018348282487287	-2.78569674500154	T		NA	6	32040088	32040088	ENSG00000229776	6	32032713	32036258	-1	C4B-AS1	102060414
rs11970671	2436405	-6.2276572762012	2.60498763221898e-08	0.018348282487287	-2.78569674500154	T		NA	6	32040088	32040088	ENSG00000231852	6	32038265	32041670	1	CYP21A2	1589
rs11970671	2436405	-6.2276572762012	2.60498763221898e-08	0.018348282487287	-2.78569674500154	T		NA	6	32040088	32040088	ENSG00000168477	6	32041154	32115334	-1	TNXB	7148
rs11970671	2436405	-6.2276572762012	2.60498763221898e-08	0.018348282487287	-2.78569674500154	T		NA	CHR_HSCHR6_MHC_COX_CTG1	31988529	31988529	ENSG00000233151	CHR_HSCHR6_MHC_COX_CTG1	31986739	31990111	1	CYP21A2	1589
rs11970671	2436405	-6.2276572762012	2.60498763221898e-08	0.018348282487287	-2.78569674500154	T		NA	CHR_HSCHR6_MHC_COX_CTG1	31988529	31988529	ENSG00000233323	CHR_HSCHR6_MHC_COX_CTG1	31989596	32066062	-1	TNXB	7148
rs11970671	2436405	-6.2276572762012	2.60498763221898e-08	0.018348282487287	-2.78569674500154	T		NA	CHR_HSCHR6_MHC_COX_CTG1	31988529	31988529	ENSG00000228267	CHR_HSCHR6_MHC_COX_CTG1	31969570	31983859	1	C4B	721
rs11970671	2436405	-6.2276572762012	2.60498763221898e-08	0.018348282487287	-2.78569674500154	T		NA	CHR_HSCHR6_MHC_COX_CTG1	31988529	31988529	ENSG00000236587	CHR_HSCHR6_MHC_COX_CTG1	31981170	31984699	-1	NA	NA
rs11970671	2436405	-6.2276572762012	2.60498763221898e-08	0.018348282487287	-2.78569674500154	T		NA	CHR_HSCHR6_MHC_DBB_CTG1	32015903	32015903	ENSG00000225512	CHR_HSCHR6_MHC_DBB_CTG1	32008544	32012073	-1	NA	NA
rs11970671	2436405	-6.2276572762012	2.60498763221898e-08	0.018348282487287	-2.78569674500154	T		NA	CHR_HSCHR6_MHC_DBB_CTG1	32015903	32015903	ENSG00000236625	CHR_HSCHR6_MHC_DBB_CTG1	31996944	32011233	1	C4B	721
rs11970671	2436405	-6.2276572762012	2.60498763221898e-08	0.018348282487287	-2.78569674500154	T		NA	CHR_HSCHR6_MHC_DBB_CTG1	32015903	32015903	ENSG00000231608	CHR_HSCHR6_MHC_DBB_CTG1	32016970	32093383	-1	TNXB	7148
rs11970671	2436405	-6.2276572762012	2.60498763221898e-08	0.018348282487287	-2.78569674500154	T		NA	CHR_HSCHR6_MHC_DBB_CTG1	32015903	32015903	ENSG00000232414	CHR_HSCHR6_MHC_DBB_CTG1	32014113	32017485	1	CYP21A2	1589
rs11970671	2436405	-6.2276572762012	2.60498763221898e-08	0.018348282487287	-2.78569674500154	T		NA	CHR_HSCHR6_MHC_MCF_CTG1	32116528	32116528	ENSG00000206258	CHR_HSCHR6_MHC_MCF_CTG1	32117595	32194037	-1	TNXB	7148
rs11970671	2436405	-6.2276572762012	2.60498763221898e-08	0.018348282487287	-2.78569674500154	T		NA	CHR_HSCHR6_MHC_MCF_CTG1	32116528	32116528	ENSG00000235134	CHR_HSCHR6_MHC_MCF_CTG1	32114742	32118110	1	CYP21A2	1589
rs11970671	2436405	-6.2276572762012	2.60498763221898e-08	0.018348282487287	-2.78569674500154	T		NA	CHR_HSCHR6_MHC_MCF_CTG1	32116528	32116528	ENSG00000225540	CHR_HSCHR6_MHC_MCF_CTG1	32109173	32112702	-1	C4A-AS1	NA
rs11970671	2436405	-6.2276572762012	2.60498763221898e-08	0.018348282487287	-2.78569674500154	T		NA	CHR_HSCHR6_MHC_MCF_CTG1	32116528	32116528	ENSG00000227746	CHR_HSCHR6_MHC_MCF_CTG1	32091205	32111862	1	C4A	720
rs11970671	2436405	-6.2276572762012	2.60498763221898e-08	0.018348282487287	-2.78569674500154	T		NA	CHR_HSCHR6_MHC_MCF_CTG1	32116528	32116528	ENSG00000227746	CHR_HSCHR6_MHC_MCF_CTG1	32091205	32111862	1	C4A	110384692
rs11970671	2436405	-6.2276572762012	2.60498763221898e-08	0.018348282487287	-2.78569674500154	T		NA	CHR_HSCHR6_MHC_SSTO_CTG1	32032740	32032740	ENSG00000228454	CHR_HSCHR6_MHC_SSTO_CTG1	32007416	32028073	1	C4B	721
rs11970671	2436405	-6.2276572762012	2.60498763221898e-08	0.018348282487287	-2.78569674500154	T		NA	CHR_HSCHR6_MHC_SSTO_CTG1	32032740	32032740	ENSG00000238170	CHR_HSCHR6_MHC_SSTO_CTG1	32025384	32028913	-1	C4A-AS1	NA
rs11970671	2436405	-6.2276572762012	2.60498763221898e-08	0.018348282487287	-2.78569674500154	T		NA	CHR_HSCHR6_MHC_SSTO_CTG1	32032740	32032740	ENSG00000236236	CHR_HSCHR6_MHC_SSTO_CTG1	32033807	32060653	-1	TNXB	7148
rs11970671	2436405	-6.2276572762012	2.60498763221898e-08	0.018348282487287	-2.78569674500154	T		NA	CHR_HSCHR6_MHC_SSTO_CTG1	32032740	32032740	ENSG00000198457	CHR_HSCHR6_MHC_SSTO_CTG1	32030953	32034322	1	CYP21A2	1589
rs11970671	3474950	-6.21765185139784	2.71633635926889e-08	0.0188288778942973	-2.72035237716294	T		NA	6	32040088	32040088	ENSG00000224389	6	32014762	32035418	1	C4B	721
rs11970671	3474950	-6.21765185139784	2.71633635926889e-08	0.0188288778942973	-2.72035237716294	T		NA	6	32040088	32040088	ENSG00000229776	6	32032713	32036258	-1	C4B-AS1	102060414
rs11970671	3474950	-6.21765185139784	2.71633635926889e-08	0.0188288778942973	-2.72035237716294	T		NA	6	32040088	32040088	ENSG00000231852	6	32038265	32041670	1	CYP21A2	1589
rs11970671	3474950	-6.21765185139784	2.71633635926889e-08	0.0188288778942973	-2.72035237716294	T		NA	6	32040088	32040088	ENSG00000168477	6	32041154	32115334	-1	TNXB	7148
rs11970671	3474950	-6.21765185139784	2.71633635926889e-08	0.0188288778942973	-2.72035237716294	T		NA	CHR_HSCHR6_MHC_COX_CTG1	31988529	31988529	ENSG00000233151	CHR_HSCHR6_MHC_COX_CTG1	31986739	31990111	1	CYP21A2	1589
rs11970671	3474950	-6.21765185139784	2.71633635926889e-08	0.0188288778942973	-2.72035237716294	T		NA	CHR_HSCHR6_MHC_COX_CTG1	31988529	31988529	ENSG00000233323	CHR_HSCHR6_MHC_COX_CTG1	31989596	32066062	-1	TNXB	7148
rs11970671	3474950	-6.21765185139784	2.71633635926889e-08	0.0188288778942973	-2.72035237716294	T		NA	CHR_HSCHR6_MHC_COX_CTG1	31988529	31988529	ENSG00000228267	CHR_HSCHR6_MHC_COX_CTG1	31969570	31983859	1	C4B	721
rs11970671	3474950	-6.21765185139784	2.71633635926889e-08	0.0188288778942973	-2.72035237716294	T		NA	CHR_HSCHR6_MHC_COX_CTG1	31988529	31988529	ENSG00000236587	CHR_HSCHR6_MHC_COX_CTG1	31981170	31984699	-1	NA	NA
rs11970671	3474950	-6.21765185139784	2.71633635926889e-08	0.0188288778942973	-2.72035237716294	T		NA	CHR_HSCHR6_MHC_DBB_CTG1	32015903	32015903	ENSG00000225512	CHR_HSCHR6_MHC_DBB_CTG1	32008544	32012073	-1	NA	NA
rs11970671	3474950	-6.21765185139784	2.71633635926889e-08	0.0188288778942973	-2.72035237716294	T		NA	CHR_HSCHR6_MHC_DBB_CTG1	32015903	32015903	ENSG00000236625	CHR_HSCHR6_MHC_DBB_CTG1	31996944	32011233	1	C4B	721
rs11970671	3474950	-6.21765185139784	2.71633635926889e-08	0.0188288778942973	-2.72035237716294	T		NA	CHR_HSCHR6_MHC_DBB_CTG1	32015903	32015903	ENSG00000231608	CHR_HSCHR6_MHC_DBB_CTG1	32016970	32093383	-1	TNXB	7148
rs11970671	3474950	-6.21765185139784	2.71633635926889e-08	0.0188288778942973	-2.72035237716294	T		NA	CHR_HSCHR6_MHC_DBB_CTG1	32015903	32015903	ENSG00000232414	CHR_HSCHR6_MHC_DBB_CTG1	32014113	32017485	1	CYP21A2	1589
rs11970671	3474950	-6.21765185139784	2.71633635926889e-08	0.0188288778942973	-2.72035237716294	T		NA	CHR_HSCHR6_MHC_MCF_CTG1	32116528	32116528	ENSG00000206258	CHR_HSCHR6_MHC_MCF_CTG1	32117595	32194037	-1	TNXB	7148
rs11970671	3474950	-6.21765185139784	2.71633635926889e-08	0.0188288778942973	-2.72035237716294	T		NA	CHR_HSCHR6_MHC_MCF_CTG1	32116528	32116528	ENSG00000235134	CHR_HSCHR6_MHC_MCF_CTG1	32114742	32118110	1	CYP21A2	1589
rs11970671	3474950	-6.21765185139784	2.71633635926889e-08	0.0188288778942973	-2.72035237716294	T		NA	CHR_HSCHR6_MHC_MCF_CTG1	32116528	32116528	ENSG00000225540	CHR_HSCHR6_MHC_MCF_CTG1	32109173	32112702	-1	C4A-AS1	NA
rs11970671	3474950	-6.21765185139784	2.71633635926889e-08	0.0188288778942973	-2.72035237716294	T		NA	CHR_HSCHR6_MHC_MCF_CTG1	32116528	32116528	ENSG00000227746	CHR_HSCHR6_MHC_MCF_CTG1	32091205	32111862	1	C4A	720
rs11970671	3474950	-6.21765185139784	2.71633635926889e-08	0.0188288778942973	-2.72035237716294	T		NA	CHR_HSCHR6_MHC_MCF_CTG1	32116528	32116528	ENSG00000227746	CHR_HSCHR6_MHC_MCF_CTG1	32091205	32111862	1	C4A	110384692
rs11970671	3474950	-6.21765185139784	2.71633635926889e-08	0.0188288778942973	-2.72035237716294	T		NA	CHR_HSCHR6_MHC_SSTO_CTG1	32032740	32032740	ENSG00000228454	CHR_HSCHR6_MHC_SSTO_CTG1	32007416	32028073	1	C4B	721
rs11970671	3474950	-6.21765185139784	2.71633635926889e-08	0.0188288778942973	-2.72035237716294	T		NA	CHR_HSCHR6_MHC_SSTO_CTG1	32032740	32032740	ENSG00000238170	CHR_HSCHR6_MHC_SSTO_CTG1	32025384	32028913	-1	C4A-AS1	NA
rs11970671	3474950	-6.21765185139784	2.71633635926889e-08	0.0188288778942973	-2.72035237716294	T		NA	CHR_HSCHR6_MHC_SSTO_CTG1	32032740	32032740	ENSG00000236236	CHR_HSCHR6_MHC_SSTO_CTG1	32033807	32060653	-1	TNXB	7148
rs11970671	3474950	-6.21765185139784	2.71633635926889e-08	0.0188288778942973	-2.72035237716294	T		NA	CHR_HSCHR6_MHC_SSTO_CTG1	32032740	32032740	ENSG00000198457	CHR_HSCHR6_MHC_SSTO_CTG1	32030953	32034322	1	CYP21A2	1589
rs7791765	3475170	6.20993576462458	2.80541290781601e-08	0.0191424824893208	0.850757975690974	T	G	0.205272	7	143402014	143402014	ENSG00000146904	7	143390289	143408892	-1	EPHA1	2041
rs6002488	2429235	6.17918290226883	3.19007174622702e-08	0.0214322879546318	0.259634651561459	C	T	0.188299	22	41795536	41795536	ENSG00000167077	22	41699499	41799456	1	MEI1	150365
rs11970671	3745225	6.12840419145511	3.94253709794583e-08	0.0260863486637523	0.667327434815369	T		NA	6	32040088	32040088	ENSG00000224389	6	32014762	32035418	1	C4B	721
rs11970671	3745225	6.12840419145511	3.94253709794583e-08	0.0260863486637523	0.667327434815369	T		NA	6	32040088	32040088	ENSG00000229776	6	32032713	32036258	-1	C4B-AS1	102060414
rs11970671	3745225	6.12840419145511	3.94253709794583e-08	0.0260863486637523	0.667327434815369	T		NA	6	32040088	32040088	ENSG00000231852	6	32038265	32041670	1	CYP21A2	1589
rs11970671	3745225	6.12840419145511	3.94253709794583e-08	0.0260863486637523	0.667327434815369	T		NA	6	32040088	32040088	ENSG00000168477	6	32041154	32115334	-1	TNXB	7148
rs11970671	3745225	6.12840419145511	3.94253709794583e-08	0.0260863486637523	0.667327434815369	T		NA	CHR_HSCHR6_MHC_COX_CTG1	31988529	31988529	ENSG00000233151	CHR_HSCHR6_MHC_COX_CTG1	31986739	31990111	1	CYP21A2	1589
rs11970671	3745225	6.12840419145511	3.94253709794583e-08	0.0260863486637523	0.667327434815369	T		NA	CHR_HSCHR6_MHC_COX_CTG1	31988529	31988529	ENSG00000233323	CHR_HSCHR6_MHC_COX_CTG1	31989596	32066062	-1	TNXB	7148
rs11970671	3745225	6.12840419145511	3.94253709794583e-08	0.0260863486637523	0.667327434815369	T		NA	CHR_HSCHR6_MHC_COX_CTG1	31988529	31988529	ENSG00000228267	CHR_HSCHR6_MHC_COX_CTG1	31969570	31983859	1	C4B	721
rs11970671	3745225	6.12840419145511	3.94253709794583e-08	0.0260863486637523	0.667327434815369	T		NA	CHR_HSCHR6_MHC_COX_CTG1	31988529	31988529	ENSG00000236587	CHR_HSCHR6_MHC_COX_CTG1	31981170	31984699	-1	NA	NA
rs11970671	3745225	6.12840419145511	3.94253709794583e-08	0.0260863486637523	0.667327434815369	T		NA	CHR_HSCHR6_MHC_DBB_CTG1	32015903	32015903	ENSG00000225512	CHR_HSCHR6_MHC_DBB_CTG1	32008544	32012073	-1	NA	NA
rs11970671	3745225	6.12840419145511	3.94253709794583e-08	0.0260863486637523	0.667327434815369	T		NA	CHR_HSCHR6_MHC_DBB_CTG1	32015903	32015903	ENSG00000236625	CHR_HSCHR6_MHC_DBB_CTG1	31996944	32011233	1	C4B	721
rs11970671	3745225	6.12840419145511	3.94253709794583e-08	0.0260863486637523	0.667327434815369	T		NA	CHR_HSCHR6_MHC_DBB_CTG1	32015903	32015903	ENSG00000231608	CHR_HSCHR6_MHC_DBB_CTG1	32016970	32093383	-1	TNXB	7148
rs11970671	3745225	6.12840419145511	3.94253709794583e-08	0.0260863486637523	0.667327434815369	T		NA	CHR_HSCHR6_MHC_DBB_CTG1	32015903	32015903	ENSG00000232414	CHR_HSCHR6_MHC_DBB_CTG1	32014113	32017485	1	CYP21A2	1589
rs11970671	3745225	6.12840419145511	3.94253709794583e-08	0.0260863486637523	0.667327434815369	T		NA	CHR_HSCHR6_MHC_MCF_CTG1	32116528	32116528	ENSG00000206258	CHR_HSCHR6_MHC_MCF_CTG1	32117595	32194037	-1	TNXB	7148
rs11970671	3745225	6.12840419145511	3.94253709794583e-08	0.0260863486637523	0.667327434815369	T		NA	CHR_HSCHR6_MHC_MCF_CTG1	32116528	32116528	ENSG00000235134	CHR_HSCHR6_MHC_MCF_CTG1	32114742	32118110	1	CYP21A2	1589
rs11970671	3745225	6.12840419145511	3.94253709794583e-08	0.0260863486637523	0.667327434815369	T		NA	CHR_HSCHR6_MHC_MCF_CTG1	32116528	32116528	ENSG00000225540	CHR_HSCHR6_MHC_MCF_CTG1	32109173	32112702	-1	C4A-AS1	NA
rs11970671	3745225	6.12840419145511	3.94253709794583e-08	0.0260863486637523	0.667327434815369	T		NA	CHR_HSCHR6_MHC_MCF_CTG1	32116528	32116528	ENSG00000227746	CHR_HSCHR6_MHC_MCF_CTG1	32091205	32111862	1	C4A	720
rs11970671	3745225	6.12840419145511	3.94253709794583e-08	0.0260863486637523	0.667327434815369	T		NA	CHR_HSCHR6_MHC_MCF_CTG1	32116528	32116528	ENSG00000227746	CHR_HSCHR6_MHC_MCF_CTG1	32091205	32111862	1	C4A	110384692
rs11970671	3745225	6.12840419145511	3.94253709794583e-08	0.0260863486637523	0.667327434815369	T		NA	CHR_HSCHR6_MHC_SSTO_CTG1	32032740	32032740	ENSG00000228454	CHR_HSCHR6_MHC_SSTO_CTG1	32007416	32028073	1	C4B	721
rs11970671	3745225	6.12840419145511	3.94253709794583e-08	0.0260863486637523	0.667327434815369	T		NA	CHR_HSCHR6_MHC_SSTO_CTG1	32032740	32032740	ENSG00000238170	CHR_HSCHR6_MHC_SSTO_CTG1	32025384	32028913	-1	C4A-AS1	NA
rs11970671	3745225	6.12840419145511	3.94253709794583e-08	0.0260863486637523	0.667327434815369	T		NA	CHR_HSCHR6_MHC_SSTO_CTG1	32032740	32032740	ENSG00000236236	CHR_HSCHR6_MHC_SSTO_CTG1	32033807	32060653	-1	TNXB	7148
rs11970671	3745225	6.12840419145511	3.94253709794583e-08	0.0260863486637523	0.667327434815369	T		NA	CHR_HSCHR6_MHC_SSTO_CTG1	32032740	32032740	ENSG00000198457	CHR_HSCHR6_MHC_SSTO_CTG1	32030953	32034322	1	CYP21A2	1589
rs11970671	3551820	-6.12264137832568	4.0383186999775e-08	0.0263212935647651	-2.98477941581077	T		NA	6	32040088	32040088	ENSG00000224389	6	32014762	32035418	1	C4B	721
rs11970671	3551820	-6.12264137832568	4.0383186999775e-08	0.0263212935647651	-2.98477941581077	T		NA	6	32040088	32040088	ENSG00000229776	6	32032713	32036258	-1	C4B-AS1	102060414
rs11970671	3551820	-6.12264137832568	4.0383186999775e-08	0.0263212935647651	-2.98477941581077	T		NA	6	32040088	32040088	ENSG00000231852	6	32038265	32041670	1	CYP21A2	1589
rs11970671	3551820	-6.12264137832568	4.0383186999775e-08	0.0263212935647651	-2.98477941581077	T		NA	6	32040088	32040088	ENSG00000168477	6	32041154	32115334	-1	TNXB	7148
rs11970671	3551820	-6.12264137832568	4.0383186999775e-08	0.0263212935647651	-2.98477941581077	T		NA	CHR_HSCHR6_MHC_COX_CTG1	31988529	31988529	ENSG00000233151	CHR_HSCHR6_MHC_COX_CTG1	31986739	31990111	1	CYP21A2	1589
rs11970671	3551820	-6.12264137832568	4.0383186999775e-08	0.0263212935647651	-2.98477941581077	T		NA	CHR_HSCHR6_MHC_COX_CTG1	31988529	31988529	ENSG00000233323	CHR_HSCHR6_MHC_COX_CTG1	31989596	32066062	-1	TNXB	7148
rs11970671	3551820	-6.12264137832568	4.0383186999775e-08	0.0263212935647651	-2.98477941581077	T		NA	CHR_HSCHR6_MHC_COX_CTG1	31988529	31988529	ENSG00000228267	CHR_HSCHR6_MHC_COX_CTG1	31969570	31983859	1	C4B	721
rs11970671	3551820	-6.12264137832568	4.0383186999775e-08	0.0263212935647651	-2.98477941581077	T		NA	CHR_HSCHR6_MHC_COX_CTG1	31988529	31988529	ENSG00000236587	CHR_HSCHR6_MHC_COX_CTG1	31981170	31984699	-1	NA	NA
rs11970671	3551820	-6.12264137832568	4.0383186999775e-08	0.0263212935647651	-2.98477941581077	T		NA	CHR_HSCHR6_MHC_DBB_CTG1	32015903	32015903	ENSG00000225512	CHR_HSCHR6_MHC_DBB_CTG1	32008544	32012073	-1	NA	NA
rs11970671	3551820	-6.12264137832568	4.0383186999775e-08	0.0263212935647651	-2.98477941581077	T		NA	CHR_HSCHR6_MHC_DBB_CTG1	32015903	32015903	ENSG00000236625	CHR_HSCHR6_MHC_DBB_CTG1	31996944	32011233	1	C4B	721
rs11970671	3551820	-6.12264137832568	4.0383186999775e-08	0.0263212935647651	-2.98477941581077	T		NA	CHR_HSCHR6_MHC_DBB_CTG1	32015903	32015903	ENSG00000231608	CHR_HSCHR6_MHC_DBB_CTG1	32016970	32093383	-1	TNXB	7148
rs11970671	3551820	-6.12264137832568	4.0383186999775e-08	0.0263212935647651	-2.98477941581077	T		NA	CHR_HSCHR6_MHC_DBB_CTG1	32015903	32015903	ENSG00000232414	CHR_HSCHR6_MHC_DBB_CTG1	32014113	32017485	1	CYP21A2	1589
rs11970671	3551820	-6.12264137832568	4.0383186999775e-08	0.0263212935647651	-2.98477941581077	T		NA	CHR_HSCHR6_MHC_MCF_CTG1	32116528	32116528	ENSG00000206258	CHR_HSCHR6_MHC_MCF_CTG1	32117595	32194037	-1	TNXB	7148
rs11970671	3551820	-6.12264137832568	4.0383186999775e-08	0.0263212935647651	-2.98477941581077	T		NA	CHR_HSCHR6_MHC_MCF_CTG1	32116528	32116528	ENSG00000235134	CHR_HSCHR6_MHC_MCF_CTG1	32114742	32118110	1	CYP21A2	1589
rs11970671	3551820	-6.12264137832568	4.0383186999775e-08	0.0263212935647651	-2.98477941581077	T		NA	CHR_HSCHR6_MHC_MCF_CTG1	32116528	32116528	ENSG00000225540	CHR_HSCHR6_MHC_MCF_CTG1	32109173	32112702	-1	C4A-AS1	NA
rs11970671	3551820	-6.12264137832568	4.0383186999775e-08	0.0263212935647651	-2.98477941581077	T		NA	CHR_HSCHR6_MHC_MCF_CTG1	32116528	32116528	ENSG00000227746	CHR_HSCHR6_MHC_MCF_CTG1	32091205	32111862	1	C4A	720
rs11970671	3551820	-6.12264137832568	4.0383186999775e-08	0.0263212935647651	-2.98477941581077	T		NA	CHR_HSCHR6_MHC_MCF_CTG1	32116528	32116528	ENSG00000227746	CHR_HSCHR6_MHC_MCF_CTG1	32091205	32111862	1	C4A	110384692
rs11970671	3551820	-6.12264137832568	4.0383186999775e-08	0.0263212935647651	-2.98477941581077	T		NA	CHR_HSCHR6_MHC_SSTO_CTG1	32032740	32032740	ENSG00000228454	CHR_HSCHR6_MHC_SSTO_CTG1	32007416	32028073	1	C4B	721
rs11970671	3551820	-6.12264137832568	4.0383186999775e-08	0.0263212935647651	-2.98477941581077	T		NA	CHR_HSCHR6_MHC_SSTO_CTG1	32032740	32032740	ENSG00000238170	CHR_HSCHR6_MHC_SSTO_CTG1	32025384	32028913	-1	C4A-AS1	NA
rs11970671	3551820	-6.12264137832568	4.0383186999775e-08	0.0263212935647651	-2.98477941581077	T		NA	CHR_HSCHR6_MHC_SSTO_CTG1	32032740	32032740	ENSG00000236236	CHR_HSCHR6_MHC_SSTO_CTG1	32033807	32060653	-1	TNXB	7148
rs11970671	3551820	-6.12264137832568	4.0383186999775e-08	0.0263212935647651	-2.98477941581077	T		NA	CHR_HSCHR6_MHC_SSTO_CTG1	32032740	32032740	ENSG00000198457	CHR_HSCHR6_MHC_SSTO_CTG1	32030953	32034322	1	CYP21A2	1589
rs4420638	3768703	6.10515315687339	4.34329643850186e-08	0.0275966787460964	1.18247073793934	G	G	0.150958	19	44919689	44919689	ENSG00000280087	19	44909375	44914968	1	NA	NA
rs4420638	3768703	6.10515315687339	4.34329643850186e-08	0.0275966787460964	1.18247073793934	G	G	0.150958	19	44919689	44919689	ENSG00000130208	19	44914247	44919349	1	APOC1	341
rs6002488	3938750	6.10420973161298	4.36038128635611e-08	0.0275966787460964	1.09938949158167	C	T	0.188299	22	41795536	41795536	ENSG00000167077	22	41699499	41799456	1	MEI1	150365
rs1652359	2598261	6.06712339584636	5.08731621548588e-08	0.0315005816296271	0.820492037778729	A	A	0.0603035	18	23595385	23595385	ENSG00000154065	18	23598926	23662885	-1	ANKRD29	147463
rs3752228	2735409	6.05541389583468	5.34081324445486e-08	0.0315005816296271	1.19311093401974	C	T	0.0806709	19	1041165	1041165	ENSG00000064687	19	1040101	1065572	1	ABCA7	10347
rs3752228	2735409	6.05541389583468	5.34081324445486e-08	0.0315005816296271	1.19311093401974	C	T	0.0806709	19	1041165	1041165	ENSG00000279753	19	1038727	1039064	-1	NA	NA
rs3752228	2735409	6.05541389583468	5.34081324445486e-08	0.0315005816296271	1.19311093401974	C	T	0.0806709	19	1041165	1041165	ENSG00000064666	19	1026581	1039068	1	CNN2	1265
rs3752232	2735409	6.05541389583468	5.34081324445486e-08	0.0315005816296271	1.19311093401974	G	G	0.112819	19	1043749	1043749	ENSG00000064687	19	1040101	1065572	1	ABCA7	10347
rs3752232	2735409	6.05541389583468	5.34081324445486e-08	0.0315005816296271	1.19311093401974	G	G	0.112819	19	1043749	1043749	ENSG00000279753	19	1038727	1039064	-1	NA	NA
rs3752232	2735409	6.05541389583468	5.34081324445486e-08	0.0315005816296271	1.19311093401974	G	G	0.112819	19	1043749	1043749	ENSG00000064666	19	1026581	1039068	1	CNN2	1265
rs4147916	2735409	6.05541389583468	5.34081324445486e-08	0.0315005816296271	1.19311093401974	G	A	0.0565096	19	1057138	1057138	ENSG00000064687	19	1040101	1065572	1	ABCA7	10347
rs3764647	2735409	6.05231279798692	5.41001406880419e-08	0.0315005816296271	1.19279011823557	G	G	0.108826	19	1044713	1044713	ENSG00000064687	19	1040101	1065572	1	ABCA7	10347
rs4147918	2735409	6.05231279798692	5.41001406880419e-08	0.0315005816296271	1.19279011823557	A	G	0.0565096	19	1058177	1058177	ENSG00000064687	19	1040101	1065572	1	ABCA7	10347
rs3752228	3432467	6.02262806807798	6.11892316861644e-08	0.034257986902949	0.927189190516205	C	T	0.0806709	19	1041165	1041165	ENSG00000064687	19	1040101	1065572	1	ABCA7	10347
rs3752228	3432467	6.02262806807798	6.11892316861644e-08	0.034257986902949	0.927189190516205	C	T	0.0806709	19	1041165	1041165	ENSG00000279753	19	1038727	1039064	-1	NA	NA
rs3752228	3432467	6.02262806807798	6.11892316861644e-08	0.034257986902949	0.927189190516205	C	T	0.0806709	19	1041165	1041165	ENSG00000064666	19	1026581	1039068	1	CNN2	1265
rs3752232	3432467	6.02262806807798	6.11892316861644e-08	0.034257986902949	0.927189190516205	G	G	0.112819	19	1043749	1043749	ENSG00000064687	19	1040101	1065572	1	ABCA7	10347
rs3752232	3432467	6.02262806807798	6.11892316861644e-08	0.034257986902949	0.927189190516205	G	G	0.112819	19	1043749	1043749	ENSG00000279753	19	1038727	1039064	-1	NA	NA
rs3752232	3432467	6.02262806807798	6.11892316861644e-08	0.034257986902949	0.927189190516205	G	G	0.112819	19	1043749	1043749	ENSG00000064666	19	1026581	1039068	1	CNN2	1265
rs4147916	3432467	6.02262806807798	6.11892316861644e-08	0.034257986902949	0.927189190516205	G	A	0.0565096	19	1057138	1057138	ENSG00000064687	19	1040101	1065572	1	ABCA7	10347
rs17140049	3907373	5.9994176577988	6.73649928593962e-08	0.0365468104507357	0.355444379847705	A	G	0.116414	10	17159248	17159248	ENSG00000107614	10	17142254	17202054	-1	TRDMT1	1787
rs7096233	3907373	5.9994176577988	6.73649928593962e-08	0.0365468104507357	0.355444379847705	G	G	0.116414	10	17168882	17168882	ENSG00000107614	10	17142254	17202054	-1	TRDMT1	1787
rs8177185	2813465	5.99790559231837	6.77880370323817e-08	0.0365468104507357	0.230725624365649	A	A	0.141174	3	133745774	133745774	ENSG00000091513	3	133745956	133779006	1	TF	7018
rs8177185	2813465	5.99790559231837	6.77880370323817e-08	0.0365468104507357	0.230725624365649	A	A	0.141174	3	133745774	133745774	ENSG00000242337	3	133661998	133754576	1	TFP1	NA
rs4420638	3531163	5.98767570489731	7.0719906715459e-08	0.0376625107263477	0.737081716997003	G	G	0.150958	19	44919689	44919689	ENSG00000280087	19	44909375	44914968	1	NA	NA
rs4420638	3531163	5.98767570489731	7.0719906715459e-08	0.0376625107263477	0.737081716997003	G	G	0.150958	19	44919689	44919689	ENSG00000130208	19	44914247	44919349	1	APOC1	341
rs3947589	3267382	5.9824239979089	7.22733494776751e-08	0.0380260777298863	1.24263034439561	G	A	0.176518	3	45992594	45992594	ENSG00000163820	3	45917899	45995824	-1	FYCO1	79443
rs3764647	3432467	5.97135519455259	7.56587162059632e-08	0.0388706214209454	0.92193772768787	G	G	0.108826	19	1044713	1044713	ENSG00000064687	19	1040101	1065572	1	ABCA7	10347
rs4147918	3432467	5.97135519455259	7.56587162059632e-08	0.0388706214209454	0.92193772768787	A	G	0.0565096	19	1058177	1058177	ENSG00000064687	19	1040101	1065572	1	ABCA7	10347
rs1937	2794584	5.96319301040204	7.82549904322501e-08	0.0397369960383494	1.39126050412257	G	C	0.0884585	10	58385582	58385582	ENSG00000108064	10	58385022	58399221	1	TFAM	7019
rs3752228	3075932	5.94472210069377	8.44596601349293e-08	0.0403222895205254	0.424256377966128	C	T	0.0806709	19	1041165	1041165	ENSG00000064687	19	1040101	1065572	1	ABCA7	10347
rs3752228	3075932	5.94472210069377	8.44596601349293e-08	0.0403222895205254	0.424256377966128	C	T	0.0806709	19	1041165	1041165	ENSG00000279753	19	1038727	1039064	-1	NA	NA
rs3752228	3075932	5.94472210069377	8.44596601349293e-08	0.0403222895205254	0.424256377966128	C	T	0.0806709	19	1041165	1041165	ENSG00000064666	19	1026581	1039068	1	CNN2	1265
rs3752232	3075932	5.94472210069377	8.44596601349293e-08	0.0403222895205254	0.424256377966128	G	G	0.112819	19	1043749	1043749	ENSG00000064687	19	1040101	1065572	1	ABCA7	10347
rs3752232	3075932	5.94472210069377	8.44596601349293e-08	0.0403222895205254	0.424256377966128	G	G	0.112819	19	1043749	1043749	ENSG00000279753	19	1038727	1039064	-1	NA	NA
rs3752232	3075932	5.94472210069377	8.44596601349293e-08	0.0403222895205254	0.424256377966128	G	G	0.112819	19	1043749	1043749	ENSG00000064666	19	1026581	1039068	1	CNN2	1265
rs4147916	3075932	5.94472210069377	8.44596601349293e-08	0.0403222895205254	0.424256377966128	G	A	0.0565096	19	1057138	1057138	ENSG00000064687	19	1040101	1065572	1	ABCA7	10347
rs3752228	2468351	5.9419584158379	8.54288897398127e-08	0.0403222895205254	1.61432350542817	C	T	0.0806709	19	1041165	1041165	ENSG00000064687	19	1040101	1065572	1	ABCA7	10347
rs3752228	2468351	5.9419584158379	8.54288897398127e-08	0.0403222895205254	1.61432350542817	C	T	0.0806709	19	1041165	1041165	ENSG00000279753	19	1038727	1039064	-1	NA	NA
rs3752228	2468351	5.9419584158379	8.54288897398127e-08	0.0403222895205254	1.61432350542817	C	T	0.0806709	19	1041165	1041165	ENSG00000064666	19	1026581	1039068	1	CNN2	1265
rs3752232	2468351	5.9419584158379	8.54288897398127e-08	0.0403222895205254	1.61432350542817	G	G	0.112819	19	1043749	1043749	ENSG00000064687	19	1040101	1065572	1	ABCA7	10347
rs3752232	2468351	5.9419584158379	8.54288897398127e-08	0.0403222895205254	1.61432350542817	G	G	0.112819	19	1043749	1043749	ENSG00000279753	19	1038727	1039064	-1	NA	NA
rs3752232	2468351	5.9419584158379	8.54288897398127e-08	0.0403222895205254	1.61432350542817	G	G	0.112819	19	1043749	1043749	ENSG00000064666	19	1026581	1039068	1	CNN2	1265
rs4147916	2468351	5.9419584158379	8.54288897398127e-08	0.0403222895205254	1.61432350542817	G	A	0.0565096	19	1057138	1057138	ENSG00000064687	19	1040101	1065572	1	ABCA7	10347
rs3764647	2468351	5.938116921775	8.6794378079687e-08	0.0403222895205254	1.61373558840685	G	G	0.108826	19	1044713	1044713	ENSG00000064687	19	1040101	1065572	1	ABCA7	10347
rs4147918	2468351	5.938116921775	8.6794378079687e-08	0.0403222895205254	1.61373558840685	A	G	0.0565096	19	1058177	1058177	ENSG00000064687	19	1040101	1065572	1	ABCA7	10347
rs3764647	3911177	5.90443004414193	9.97298291278146e-08	0.0453665008912681	0.465230222693143	G	G	0.108826	19	1044713	1044713	ENSG00000064687	19	1040101	1065572	1	ABCA7	10347
rs4147918	3911177	5.90443004414193	9.97298291278146e-08	0.0453665008912681	0.465230222693143	A	G	0.0565096	19	1058177	1058177	ENSG00000064687	19	1040101	1065572	1	ABCA7	10347
rs3947589	3336486	5.88066157389619	1.09984266555078e-07	0.0495153975590653	0.905766424459689	G	A	0.176518	3	45992594	45992594	ENSG00000163820	3	45917899	45995824	-1	FYCO1	79443
rs10815393	3275372	5.87392322293067	1.13076172004035e-07	0.0496981582335548	0.296669934827297	T	C	0.130192	9	6240324	6240324	ENSG00000137033	9	6215786	6257983	1	IL33	90865
rs3752228	3911177	5.86258473744883	1.18473620945156e-07	0.0496981582335548	0.462947228053056	C	T	0.0806709	19	1041165	1041165	ENSG00000064687	19	1040101	1065572	1	ABCA7	10347
rs3752228	3911177	5.86258473744883	1.18473620945156e-07	0.0496981582335548	0.462947228053056	C	T	0.0806709	19	1041165	1041165	ENSG00000279753	19	1038727	1039064	-1	NA	NA
rs3752228	3911177	5.86258473744883	1.18473620945156e-07	0.0496981582335548	0.462947228053056	C	T	0.0806709	19	1041165	1041165	ENSG00000064666	19	1026581	1039068	1	CNN2	1265
rs3752232	3911177	5.86258473744883	1.18473620945156e-07	0.0496981582335548	0.462947228053056	G	G	0.112819	19	1043749	1043749	ENSG00000064687	19	1040101	1065572	1	ABCA7	10347
rs3752232	3911177	5.86258473744883	1.18473620945156e-07	0.0496981582335548	0.462947228053056	G	G	0.112819	19	1043749	1043749	ENSG00000279753	19	1038727	1039064	-1	NA	NA
rs3752232	3911177	5.86258473744883	1.18473620945156e-07	0.0496981582335548	0.462947228053056	G	G	0.112819	19	1043749	1043749	ENSG00000064666	19	1026581	1039068	1	CNN2	1265
rs4147916	3911177	5.86258473744883	1.18473620945156e-07	0.0496981582335548	0.462947228053056	G	A	0.0565096	19	1057138	1057138	ENSG00000064687	19	1040101	1065572	1	ABCA7	10347
rs1937	2463227	5.86223138429704	1.18645850434629e-07	0.0496981582335548	0.417642560263843	G	C	0.0884585	10	58385582	58385582	ENSG00000108064	10	58385022	58399221	1	TFAM	7019
rs2276856	3267382	5.85903595397751	1.20214613188386e-07	0.0496981582335548	1.22863789646101	C	T	0.157149	3	45995913	45995913	ENSG00000163820	3	45917899	45995824	-1	FYCO1	79443
rs3752228	3318443	5.85819147781195	1.20632608291639e-07	0.0496981582335548	0.50726393260334	C	T	0.0806709	19	1041165	1041165	ENSG00000064687	19	1040101	1065572	1	ABCA7	10347
rs3752228	3318443	5.85819147781195	1.20632608291639e-07	0.0496981582335548	0.50726393260334	C	T	0.0806709	19	1041165	1041165	ENSG00000279753	19	1038727	1039064	-1	NA	NA
rs3752228	3318443	5.85819147781195	1.20632608291639e-07	0.0496981582335548	0.50726393260334	C	T	0.0806709	19	1041165	1041165	ENSG00000064666	19	1026581	1039068	1	CNN2	1265
rs3752232	3318443	5.85819147781195	1.20632608291639e-07	0.0496981582335548	0.50726393260334	G	G	0.112819	19	1043749	1043749	ENSG00000064687	19	1040101	1065572	1	ABCA7	10347
rs3752232	3318443	5.85819147781195	1.20632608291639e-07	0.0496981582335548	0.50726393260334	G	G	0.112819	19	1043749	1043749	ENSG00000279753	19	1038727	1039064	-1	NA	NA
rs3752232	3318443	5.85819147781195	1.20632608291639e-07	0.0496981582335548	0.50726393260334	G	G	0.112819	19	1043749	1043749	ENSG00000064666	19	1026581	1039068	1	CNN2	1265
rs4147916	3318443	5.85819147781195	1.20632608291639e-07	0.0496981582335548	0.50726393260334	G	A	0.0565096	19	1057138	1057138	ENSG00000064687	19	1040101	1065572	1	ABCA7	10347
rs1652359	2501835	5.85458164198625	1.2243561790609e-07	0.0499695503298149	0.384165312157704	A	A	0.0603035	18	23595385	23595385	ENSG00000154065	18	23598926	23662885	-1	ANKRD29	147463
