snps	gene	statistic	pvalue	FDR	beta	allele_1	minor_allele	minor_allele_freq	chr_name	chrom_start	chrom_end	ensembl_gene_stable_id	chromosome_name	start_position	end_position	strand	hgnc_symbol	entrezgene
rs145999145	2633737	32.4438212914716	4.81103380756742e-47	2.10096999634519e-39	3.55593552219058	G	A	0.000599042	19	40371688	40371688	ENSG00000275652	19	40369846	40369907	1	MIR6796	102465477
rs145999145	2633737	32.4438212914716	4.81103380756742e-47	2.10096999634519e-39	3.55593552219058	G	A	0.000599042	19	40371688	40371688	ENSG00000105223	19	40348456	40380439	1	PLD3	23646
rs3947589	2748646	13.9777333387062	6.07119512940681e-23	1.05561499518777e-15	2.75838502600016	G	A	0.176518	3	45992594	45992594	ENSG00000163820	3	45917899	45995824	-1	FYCO1	79443
rs2276856	2748646	13.9334278208376	7.25179241749021e-23	1.05561499518777e-15	2.75445991870078	C	T	0.157149	3	45995913	45995913	ENSG00000163820	3	45917899	45995824	-1	FYCO1	79443
rs11466172	3565663	12.0360162345278	1.83302081884322e-19	2.00119241368049e-12	2.3286165791881	G	A	0.00199681	17	49514772	49514772	ENSG00000277478	17	49510817	49510900	1	MIR6165	102465141
rs11466172	3565663	12.0360162345278	1.83302081884322e-19	2.00119241368049e-12	2.3286165791881	G	A	0.00199681	17	49514772	49514772	ENSG00000064300	17	49495293	49515017	1	NGFR	4804
rs11466172	3565663	12.0360162345278	1.83302081884322e-19	2.00119241368049e-12	2.3286165791881	G	A	0.00199681	17	49514772	49514772	ENSG00000249906	17	49505657	49574064	-1	NA	100288866
rs34044517	3565663	11.8806633014134	3.54682241340326e-19	3.09778221105151e-12	2.3156792048201	T	C	0.014976	6	11191201	11191201	ENSG00000247925	6	11173452	11259099	1	NA	NA
rs34044517	3565663	11.8806633014134	3.54682241340326e-19	3.09778221105151e-12	2.3156792048201	T	C	0.014976	6	11191201	11191201	ENSG00000111859	6	11183298	11382348	-1	NEDD9	4739
rs11466172	2914777	11.3133059439176	4.03834017183459e-18	1.89371568005683e-11	1.3522062596252	G	A	0.00199681	17	49514772	49514772	ENSG00000277478	17	49510817	49510900	1	MIR6165	102465141
rs11466172	2914777	11.3133059439176	4.03834017183459e-18	1.89371568005683e-11	1.3522062596252	G	A	0.00199681	17	49514772	49514772	ENSG00000064300	17	49495293	49515017	1	NGFR	4804
rs11466172	2914777	11.3133059439176	4.03834017183459e-18	1.89371568005683e-11	1.3522062596252	G	A	0.00199681	17	49514772	49514772	ENSG00000249906	17	49505657	49574064	-1	NA	100288866
rs11466172	2838656	11.3129499269018	4.04455021317355e-18	1.89371568005683e-11	2.03547458670615	G	A	0.00199681	17	49514772	49514772	ENSG00000277478	17	49510817	49510900	1	MIR6165	102465141
rs11466172	2838656	11.3129499269018	4.04455021317355e-18	1.89371568005683e-11	2.03547458670615	G	A	0.00199681	17	49514772	49514772	ENSG00000064300	17	49495293	49515017	1	NGFR	4804
rs11466172	2838656	11.3129499269018	4.04455021317355e-18	1.89371568005683e-11	2.03547458670615	G	A	0.00199681	17	49514772	49514772	ENSG00000249906	17	49505657	49574064	-1	NA	100288866
rs34044517	2914777	11.2815721123031	4.6313460630085e-18	1.89371568005683e-11	1.34943505454379	T	C	0.014976	6	11191201	11191201	ENSG00000247925	6	11173452	11259099	1	NA	NA
rs34044517	2914777	11.2815721123031	4.6313460630085e-18	1.89371568005683e-11	1.34943505454379	T	C	0.014976	6	11191201	11191201	ENSG00000111859	6	11183298	11382348	-1	NEDD9	4739
rs4732731	2809399	11.2546009637987	5.20372790160133e-18	1.89371568005683e-11	2.01756264717071	C	T	0.0672923	8	27618657	27618657	ENSG00000120885	8	27596917	27615031	-1	CLU	1191
rs2176286	2809399	11.2546009637987	5.20372790160133e-18	1.89371568005683e-11	2.01756264717071	G	A	0.116813	10	17146386	17146386	ENSG00000107614	10	17142254	17202054	-1	TRDMT1	1787
rs3739990	2809399	11.2546009637987	5.20372790160133e-18	1.89371568005683e-11	2.01756264717071	G	A	0.190695	10	50433573	50433573	ENSG00000198964	10	50305586	50625163	-1	SGMS1	259230
rs5473	2809399	11.2546009637987	5.20372790160133e-18	1.89371568005683e-11	2.01756264717071	G	A	0.0467252	16	72059118	72059118	ENSG00000257017	16	72054592	72061055	1	HP	3240
rs5473	2809399	11.2546009637987	5.20372790160133e-18	1.89371568005683e-11	2.01756264717071	G	A	0.0467252	16	72059118	72059118	ENSG00000261701	16	72063224	72077246	1	HPR	3250
rs5473	2809399	11.2546009637987	5.20372790160133e-18	1.89371568005683e-11	2.01756264717071	G	A	0.0467252	16	72059118	72059118	ENSG00000140830	16	72044289	72094431	-1	TXNL4B	54957
rs1048156	2809399	11.229020971835	5.8121919369423e-18	1.95244153031146e-11	2.01622209207715	G	A	0.127596	10	47922575	47922575	ENSG00000276850	10	47908064	47991850	-1	NA	NA
rs1048156	2809399	11.229020971835	5.8121919369423e-18	1.95244153031146e-11	2.01622209207715	G	A	0.127596	10	47922575	47922575	ENSG00000264717	10	47918739	47923524	1	NPY4R2	100996758
rs1048156	2809399	11.229020971835	5.8121919369423e-18	1.95244153031146e-11	2.01622209207715	G	A	0.127596	10	47922575	47922575	ENSG00000264717	10	47918739	47923524	1	NPY4R2	105379861
rs34044517	2838656	11.1705183857586	7.48650174343827e-18	2.33524438222602e-11	2.02365916954149	T	C	0.014976	6	11191201	11191201	ENSG00000247925	6	11173452	11259099	1	NA	NA
rs34044517	2838656	11.1705183857586	7.48650174343827e-18	2.33524438222602e-11	2.02365916954149	T	C	0.014976	6	11191201	11191201	ENSG00000111859	6	11183298	11382348	-1	NEDD9	4739
rs11466172	2620256	11.1201937935372	9.31028662402264e-18	2.71052385507082e-11	1.30501825523339	G	A	0.00199681	17	49514772	49514772	ENSG00000277478	17	49510817	49510900	1	MIR6165	102465141
rs11466172	2620256	11.1201937935372	9.31028662402264e-18	2.71052385507082e-11	1.30501825523339	G	A	0.00199681	17	49514772	49514772	ENSG00000064300	17	49495293	49515017	1	NGFR	4804
rs11466172	2620256	11.1201937935372	9.31028662402264e-18	2.71052385507082e-11	1.30501825523339	G	A	0.00199681	17	49514772	49514772	ENSG00000249906	17	49505657	49574064	-1	NA	100288866
rs11466172	2570616	11.101219285818	1.01085750589805e-17	2.75899808572793e-11	1.60540271984242	G	A	0.00199681	17	49514772	49514772	ENSG00000277478	17	49510817	49510900	1	MIR6165	102465141
rs11466172	2570616	11.101219285818	1.01085750589805e-17	2.75899808572793e-11	1.60540271984242	G	A	0.00199681	17	49514772	49514772	ENSG00000064300	17	49495293	49515017	1	NGFR	4804
rs11466172	2570616	11.101219285818	1.01085750589805e-17	2.75899808572793e-11	1.60540271984242	G	A	0.00199681	17	49514772	49514772	ENSG00000249906	17	49505657	49574064	-1	NA	100288866
rs34044517	2620256	10.9946118581987	1.60579679384906e-17	4.12499196277369e-11	1.29797767484753	T	C	0.014976	6	11191201	11191201	ENSG00000247925	6	11173452	11259099	1	NA	NA
rs34044517	2620256	10.9946118581987	1.60579679384906e-17	4.12499196277369e-11	1.29797767484753	T	C	0.014976	6	11191201	11191201	ENSG00000111859	6	11183298	11382348	-1	NEDD9	4739
rs34044517	2570616	10.8805688453805	2.63760292491523e-17	6.39909197294075e-11	1.59123588084537	T	C	0.014976	6	11191201	11191201	ENSG00000247925	6	11173452	11259099	1	NA	NA
rs34044517	2570616	10.8805688453805	2.63760292491523e-17	6.39909197294075e-11	1.59123588084537	T	C	0.014976	6	11191201	11191201	ENSG00000111859	6	11183298	11382348	-1	NEDD9	4739
rs11466172	2449559	10.7608605017903	4.44603762472456e-17	1.02188252931105e-10	1.77643561728903	G	A	0.00199681	17	49514772	49514772	ENSG00000277478	17	49510817	49510900	1	MIR6165	102465141
rs11466172	2449559	10.7608605017903	4.44603762472456e-17	1.02188252931105e-10	1.77643561728903	G	A	0.00199681	17	49514772	49514772	ENSG00000064300	17	49495293	49515017	1	NGFR	4804
rs11466172	2449559	10.7608605017903	4.44603762472456e-17	1.02188252931105e-10	1.77643561728903	G	A	0.00199681	17	49514772	49514772	ENSG00000249906	17	49505657	49574064	-1	NA	100288866
rs11466172	3129149	10.6786085093683	6.3693267503885e-17	1.39073689093979e-10	1.38926855940316	G	A	0.00199681	17	49514772	49514772	ENSG00000277478	17	49510817	49510900	1	MIR6165	102465141
rs11466172	3129149	10.6786085093683	6.3693267503885e-17	1.39073689093979e-10	1.38926855940316	G	A	0.00199681	17	49514772	49514772	ENSG00000064300	17	49495293	49515017	1	NGFR	4804
rs11466172	3129149	10.6786085093683	6.3693267503885e-17	1.39073689093979e-10	1.38926855940316	G	A	0.00199681	17	49514772	49514772	ENSG00000249906	17	49505657	49574064	-1	NA	100288866
rs34044517	3129149	10.6351998235379	7.70168668437729e-17	1.60157762861857e-10	1.38559947358861	T	C	0.014976	6	11191201	11191201	ENSG00000247925	6	11173452	11259099	1	NA	NA
rs34044517	3129149	10.6351998235379	7.70168668437729e-17	1.60157762861857e-10	1.38559947358861	T	C	0.014976	6	11191201	11191201	ENSG00000111859	6	11183298	11382348	-1	NEDD9	4739
rs34044517	2449559	10.554494190403	1.09681785613473e-16	2.17717466988458e-10	1.76074825473722	T	C	0.014976	6	11191201	11191201	ENSG00000247925	6	11173452	11259099	1	NA	NA
rs34044517	2449559	10.554494190403	1.09681785613473e-16	2.17717466988458e-10	1.76074825473722	T	C	0.014976	6	11191201	11191201	ENSG00000111859	6	11183298	11382348	-1	NEDD9	4739
rs34044517	3235789	10.4650336798394	1.62407062584e-16	3.08360340843489e-10	1.4435337868903	T	C	0.014976	6	11191201	11191201	ENSG00000247925	6	11173452	11259099	1	NA	NA
rs34044517	3235789	10.4650336798394	1.62407062584e-16	3.08360340843489e-10	1.4435337868903	T	C	0.014976	6	11191201	11191201	ENSG00000111859	6	11183298	11382348	-1	NEDD9	4739
rs11466172	3235789	10.432712773871	1.87180452837626e-16	3.40589059652475e-10	1.44309648344682	G	A	0.00199681	17	49514772	49514772	ENSG00000277478	17	49510817	49510900	1	MIR6165	102465141
rs11466172	3235789	10.432712773871	1.87180452837626e-16	3.40589059652475e-10	1.44309648344682	G	A	0.00199681	17	49514772	49514772	ENSG00000064300	17	49495293	49515017	1	NGFR	4804
rs11466172	3235789	10.432712773871	1.87180452837626e-16	3.40589059652475e-10	1.44309648344682	G	A	0.00199681	17	49514772	49514772	ENSG00000249906	17	49505657	49574064	-1	NA	100288866
rs11466172	2450345	9.94331956513671	1.62115999789519e-15	2.83183087135693e-09	0.941273359972153	G	A	0.00199681	17	49514772	49514772	ENSG00000277478	17	49510817	49510900	1	MIR6165	102465141
rs11466172	2450345	9.94331956513671	1.62115999789519e-15	2.83183087135693e-09	0.941273359972153	G	A	0.00199681	17	49514772	49514772	ENSG00000064300	17	49495293	49515017	1	NGFR	4804
rs11466172	2450345	9.94331956513671	1.62115999789519e-15	2.83183087135693e-09	0.941273359972153	G	A	0.00199681	17	49514772	49514772	ENSG00000249906	17	49505657	49574064	-1	NA	100288866
rs34044517	2450345	9.90141470155275	1.95175376442994e-15	3.27818243784589e-09	0.938591837111886	T	C	0.014976	6	11191201	11191201	ENSG00000247925	6	11173452	11259099	1	NA	NA
rs34044517	2450345	9.90141470155275	1.95175376442994e-15	3.27818243784589e-09	0.938591837111886	T	C	0.014976	6	11191201	11191201	ENSG00000111859	6	11183298	11382348	-1	NEDD9	4739
rs11466172	2691575	9.70729328911468	4.61708282631869e-15	7.46767386736146e-09	1.06772721440367	G	A	0.00199681	17	49514772	49514772	ENSG00000277478	17	49510817	49510900	1	MIR6165	102465141
rs11466172	2691575	9.70729328911468	4.61708282631869e-15	7.46767386736146e-09	1.06772721440367	G	A	0.00199681	17	49514772	49514772	ENSG00000064300	17	49495293	49515017	1	NGFR	4804
rs11466172	2691575	9.70729328911468	4.61708282631869e-15	7.46767386736146e-09	1.06772721440367	G	A	0.00199681	17	49514772	49514772	ENSG00000249906	17	49505657	49574064	-1	NA	100288866
rs34044517	2691575	9.66719297653151	5.51727445173675e-15	8.60494300953715e-09	1.06467260335303	T	C	0.014976	6	11191201	11191201	ENSG00000247925	6	11173452	11259099	1	NA	NA
rs34044517	2691575	9.66719297653151	5.51727445173675e-15	8.60494300953715e-09	1.06467260335303	T	C	0.014976	6	11191201	11191201	ENSG00000111859	6	11183298	11382348	-1	NEDD9	4739
rs4420638	2578790	9.24278525181355	3.65074915778837e-14	5.49750252375057e-08	1.12006162916295	G	G	0.150958	19	44919689	44919689	ENSG00000280087	19	44909375	44914968	1	NA	NA
rs4420638	2578790	9.24278525181355	3.65074915778837e-14	5.49750252375057e-08	1.12006162916295	G	G	0.150958	19	44919689	44919689	ENSG00000130208	19	44914247	44919349	1	APOC1	341
rs34044517	2748163	9.21470864861344	4.13788078015628e-14	6.02335084674692e-08	1.50597843280673	T	C	0.014976	6	11191201	11191201	ENSG00000247925	6	11173452	11259099	1	NA	NA
rs34044517	2748163	9.21470864861344	4.13788078015628e-14	6.02335084674692e-08	1.50597843280673	T	C	0.014976	6	11191201	11191201	ENSG00000111859	6	11183298	11382348	-1	NEDD9	4739
rs11466172	2748163	9.18761465748585	4.66960690283695e-14	6.57809392245403e-08	1.50533701116592	G	A	0.00199681	17	49514772	49514772	ENSG00000277478	17	49510817	49510900	1	MIR6165	102465141
rs11466172	2748163	9.18761465748585	4.66960690283695e-14	6.57809392245403e-08	1.50533701116592	G	A	0.00199681	17	49514772	49514772	ENSG00000064300	17	49495293	49515017	1	NGFR	4804
rs11466172	2748163	9.18761465748585	4.66960690283695e-14	6.57809392245403e-08	1.50533701116592	G	A	0.00199681	17	49514772	49514772	ENSG00000249906	17	49505657	49574064	-1	NA	100288866
rs34044517	3720896	9.17791598170883	4.8761449683352e-14	6.65438726767762e-08	1.84655507809466	T	C	0.014976	6	11191201	11191201	ENSG00000247925	6	11173452	11259099	1	NA	NA
rs34044517	3720896	9.17791598170883	4.8761449683352e-14	6.65438726767762e-08	1.84655507809466	T	C	0.014976	6	11191201	11191201	ENSG00000111859	6	11183298	11382348	-1	NEDD9	4739
rs11466172	3720896	9.15127159669068	5.49186986422416e-14	7.26754516368403e-08	1.84579095335267	G	A	0.00199681	17	49514772	49514772	ENSG00000277478	17	49510817	49510900	1	MIR6165	102465141
rs11466172	3720896	9.15127159669068	5.49186986422416e-14	7.26754516368403e-08	1.84579095335267	G	A	0.00199681	17	49514772	49514772	ENSG00000064300	17	49495293	49515017	1	NGFR	4804
rs11466172	3720896	9.15127159669068	5.49186986422416e-14	7.26754516368403e-08	1.84579095335267	G	A	0.00199681	17	49514772	49514772	ENSG00000249906	17	49505657	49574064	-1	NA	100288866
rs11466172	3168508	8.8759357875425	1.87856097998556e-13	2.4128360990952e-07	1.38440048098429	G	A	0.00199681	17	49514772	49514772	ENSG00000277478	17	49510817	49510900	1	MIR6165	102465141
rs11466172	3168508	8.8759357875425	1.87856097998556e-13	2.4128360990952e-07	1.38440048098429	G	A	0.00199681	17	49514772	49514772	ENSG00000064300	17	49495293	49515017	1	NGFR	4804
rs11466172	3168508	8.8759357875425	1.87856097998556e-13	2.4128360990952e-07	1.38440048098429	G	A	0.00199681	17	49514772	49514772	ENSG00000249906	17	49505657	49574064	-1	NA	100288866
rs11466172	3258444	8.79472303463704	2.70069162622594e-13	3.3696779427303e-07	1.49901647602962	G	A	0.00199681	17	49514772	49514772	ENSG00000277478	17	49510817	49510900	1	MIR6165	102465141
rs11466172	3258444	8.79472303463704	2.70069162622594e-13	3.3696779427303e-07	1.49901647602962	G	A	0.00199681	17	49514772	49514772	ENSG00000064300	17	49495293	49515017	1	NGFR	4804
rs11466172	3258444	8.79472303463704	2.70069162622594e-13	3.3696779427303e-07	1.49901647602962	G	A	0.00199681	17	49514772	49514772	ENSG00000249906	17	49505657	49574064	-1	NA	100288866
rs34044517	3258444	8.77843687834491	2.90464738938093e-13	3.52348445212012e-07	1.49614481984306	T	C	0.014976	6	11191201	11191201	ENSG00000247925	6	11173452	11259099	1	NA	NA
rs34044517	3258444	8.77843687834491	2.90464738938093e-13	3.52348445212012e-07	1.49614481984306	T	C	0.014976	6	11191201	11191201	ENSG00000111859	6	11183298	11382348	-1	NEDD9	4739
rs34044517	3168508	8.72023087011203	3.76794098670292e-13	4.44717080355953e-07	1.3708047614433	T	C	0.014976	6	11191201	11191201	ENSG00000247925	6	11173452	11259099	1	NA	NA
rs34044517	3168508	8.72023087011203	3.76794098670292e-13	4.44717080355953e-07	1.3708047614433	T	C	0.014976	6	11191201	11191201	ENSG00000111859	6	11183298	11382348	-1	NEDD9	4739
rs11466172	2406420	8.55165133251933	8.0065165998922e-13	9.20113607290449e-07	1.86405648963429	G	A	0.00199681	17	49514772	49514772	ENSG00000277478	17	49510817	49510900	1	MIR6165	102465141
rs11466172	2406420	8.55165133251933	8.0065165998922e-13	9.20113607290449e-07	1.86405648963429	G	A	0.00199681	17	49514772	49514772	ENSG00000064300	17	49495293	49515017	1	NGFR	4804
rs11466172	2406420	8.55165133251933	8.0065165998922e-13	9.20113607290449e-07	1.86405648963429	G	A	0.00199681	17	49514772	49514772	ENSG00000249906	17	49505657	49574064	-1	NA	100288866
rs11466172	3881443	8.48993123124306	1.05507543242165e-12	1.18140919078403e-06	1.76573582147186	G	A	0.00199681	17	49514772	49514772	ENSG00000277478	17	49510817	49510900	1	MIR6165	102465141
rs11466172	3881443	8.48993123124306	1.05507543242165e-12	1.18140919078403e-06	1.76573582147186	G	A	0.00199681	17	49514772	49514772	ENSG00000064300	17	49495293	49515017	1	NGFR	4804
rs11466172	3881443	8.48993123124306	1.05507543242165e-12	1.18140919078403e-06	1.76573582147186	G	A	0.00199681	17	49514772	49514772	ENSG00000249906	17	49505657	49574064	-1	NA	100288866
rs34044517	2406420	8.46696151035014	1.16917702093715e-12	1.27644386822925e-06	1.85263249113233	T	C	0.014976	6	11191201	11191201	ENSG00000247925	6	11173452	11259099	1	NA	NA
rs34044517	2406420	8.46696151035014	1.16917702093715e-12	1.27644386822925e-06	1.85263249113233	T	C	0.014976	6	11191201	11191201	ENSG00000111859	6	11183298	11382348	-1	NEDD9	4739
rs11466172	2378937	8.44239324858769	1.30490363395822e-12	1.38987590321746e-06	2.73258637070138	G	A	0.00199681	17	49514772	49514772	ENSG00000277478	17	49510817	49510900	1	MIR6165	102465141
rs11466172	2378937	8.44239324858769	1.30490363395822e-12	1.38987590321746e-06	2.73258637070138	G	A	0.00199681	17	49514772	49514772	ENSG00000064300	17	49495293	49515017	1	NGFR	4804
rs11466172	2378937	8.44239324858769	1.30490363395822e-12	1.38987590321746e-06	2.73258637070138	G	A	0.00199681	17	49514772	49514772	ENSG00000249906	17	49505657	49574064	-1	NA	100288866
rs11466172	3595979	8.43589872595621	1.34334273079973e-12	1.39675096727866e-06	2.15921409264519	G	A	0.00199681	17	49514772	49514772	ENSG00000277478	17	49510817	49510900	1	MIR6165	102465141
rs11466172	3595979	8.43589872595621	1.34334273079973e-12	1.39675096727866e-06	2.15921409264519	G	A	0.00199681	17	49514772	49514772	ENSG00000064300	17	49495293	49515017	1	NGFR	4804
rs11466172	3595979	8.43589872595621	1.34334273079973e-12	1.39675096727866e-06	2.15921409264519	G	A	0.00199681	17	49514772	49514772	ENSG00000249906	17	49505657	49574064	-1	NA	100288866
rs34044517	3881443	8.34705251670796	1.99824679729617e-12	2.02937409177877e-06	1.74837817853559	T	C	0.014976	6	11191201	11191201	ENSG00000247925	6	11173452	11259099	1	NA	NA
rs34044517	3881443	8.34705251670796	1.99824679729617e-12	2.02937409177877e-06	1.74837817853559	T	C	0.014976	6	11191201	11191201	ENSG00000111859	6	11183298	11382348	-1	NEDD9	4739
rs34044517	2378937	8.31270870258116	2.32970668783215e-12	2.31222456884666e-06	2.70773871135558	T	C	0.014976	6	11191201	11191201	ENSG00000247925	6	11173452	11259099	1	NA	NA
rs34044517	2378937	8.31270870258116	2.32970668783215e-12	2.31222456884666e-06	2.70773871135558	T	C	0.014976	6	11191201	11191201	ENSG00000111859	6	11183298	11382348	-1	NEDD9	4739
rs11466172	2784113	8.26323106667223	2.90607811147388e-12	2.82017599240704e-06	1.54005057012568	G	A	0.00199681	17	49514772	49514772	ENSG00000277478	17	49510817	49510900	1	MIR6165	102465141
rs11466172	2784113	8.26323106667223	2.90607811147388e-12	2.82017599240704e-06	1.54005057012568	G	A	0.00199681	17	49514772	49514772	ENSG00000064300	17	49495293	49515017	1	NGFR	4804
rs11466172	2784113	8.26323106667223	2.90607811147388e-12	2.82017599240704e-06	1.54005057012568	G	A	0.00199681	17	49514772	49514772	ENSG00000249906	17	49505657	49574064	-1	NA	100288866
rs34044517	3595979	8.23739076667624	3.26166050560061e-12	3.09643783102891e-06	2.13009168028775	T	C	0.014976	6	11191201	11191201	ENSG00000247925	6	11173452	11259099	1	NA	NA
rs34044517	3595979	8.23739076667624	3.26166050560061e-12	3.09643783102891e-06	2.13009168028775	T	C	0.014976	6	11191201	11191201	ENSG00000111859	6	11183298	11382348	-1	NEDD9	4739
rs11466172	3629103	8.22598683538563	3.43210721838564e-12	3.14027101665013e-06	2.25966304614554	G	A	0.00199681	17	49514772	49514772	ENSG00000277478	17	49510817	49510900	1	MIR6165	102465141
rs11466172	3629103	8.22598683538563	3.43210721838564e-12	3.14027101665013e-06	2.25966304614554	G	A	0.00199681	17	49514772	49514772	ENSG00000064300	17	49495293	49515017	1	NGFR	4804
rs11466172	3629103	8.22598683538563	3.43210721838564e-12	3.14027101665013e-06	2.25966304614554	G	A	0.00199681	17	49514772	49514772	ENSG00000249906	17	49505657	49574064	-1	NA	100288866
rs11466172	2813414	8.22471552929477	3.45165139202774e-12	3.14027101665013e-06	1.35433233442125	G	A	0.00199681	17	49514772	49514772	ENSG00000277478	17	49510817	49510900	1	MIR6165	102465141
rs11466172	2813414	8.22471552929477	3.45165139202774e-12	3.14027101665013e-06	1.35433233442125	G	A	0.00199681	17	49514772	49514772	ENSG00000064300	17	49495293	49515017	1	NGFR	4804
rs11466172	2813414	8.22471552929477	3.45165139202774e-12	3.14027101665013e-06	1.35433233442125	G	A	0.00199681	17	49514772	49514772	ENSG00000249906	17	49505657	49574064	-1	NA	100288866
rs34044517	2784113	8.19061694411934	4.01943411036292e-12	3.58220367712542e-06	1.53127911692606	T	C	0.014976	6	11191201	11191201	ENSG00000247925	6	11173452	11259099	1	NA	NA
rs34044517	2784113	8.19061694411934	4.01943411036292e-12	3.58220367712542e-06	1.53127911692606	T	C	0.014976	6	11191201	11191201	ENSG00000111859	6	11183298	11382348	-1	NEDD9	4739
rs34044517	3629103	8.12505268901552	5.38636673926311e-12	4.70443375006148e-06	2.2424765978588	T	C	0.014976	6	11191201	11191201	ENSG00000247925	6	11173452	11259099	1	NA	NA
rs34044517	3629103	8.12505268901552	5.38636673926311e-12	4.70443375006148e-06	2.2424765978588	T	C	0.014976	6	11191201	11191201	ENSG00000111859	6	11183298	11382348	-1	NEDD9	4739
rs34044517	2813414	8.08821052004327	6.34906043702726e-12	5.43651670294791e-06	1.34083153654777	T	C	0.014976	6	11191201	11191201	ENSG00000247925	6	11173452	11259099	1	NA	NA
rs34044517	2813414	8.08821052004327	6.34906043702726e-12	5.43651670294791e-06	1.34083153654777	T	C	0.014976	6	11191201	11191201	ENSG00000111859	6	11183298	11382348	-1	NEDD9	4739
rs17144936	3475003	8.03715977188727	7.97318610551063e-12	6.69591603744028e-06	2.2173171969627	T	T	0.0675497	X	38405786	38405786	ENSG00000036473	X	38352545	38421450	1	OTC	5009
rs17144936	3475003	8.03715977188727	7.97318610551063e-12	6.69591603744028e-06	2.2173171969627	T	T	0.0675497	X	38405786	38405786	ENSG00000250349	X	37349330	38687674	1	NA	NA
rs11466172	3258168	7.86322122613435	1.73118139535911e-11	1.4264223933473e-05	1.74121666549141	G	A	0.00199681	17	49514772	49514772	ENSG00000277478	17	49510817	49510900	1	MIR6165	102465141
rs11466172	3258168	7.86322122613435	1.73118139535911e-11	1.4264223933473e-05	1.74121666549141	G	A	0.00199681	17	49514772	49514772	ENSG00000064300	17	49495293	49515017	1	NGFR	4804
rs11466172	3258168	7.86322122613435	1.73118139535911e-11	1.4264223933473e-05	1.74121666549141	G	A	0.00199681	17	49514772	49514772	ENSG00000249906	17	49505657	49574064	-1	NA	100288866
rs11466172	2379863	7.78844099775708	2.41498547913592e-11	1.9529998303041e-05	1.41597514248006	G	A	0.00199681	17	49514772	49514772	ENSG00000277478	17	49510817	49510900	1	MIR6165	102465141
rs11466172	2379863	7.78844099775708	2.41498547913592e-11	1.9529998303041e-05	1.41597514248006	G	A	0.00199681	17	49514772	49514772	ENSG00000064300	17	49495293	49515017	1	NGFR	4804
rs11466172	2379863	7.78844099775708	2.41498547913592e-11	1.9529998303041e-05	1.41597514248006	G	A	0.00199681	17	49514772	49514772	ENSG00000249906	17	49505657	49574064	-1	NA	100288866
rs34044517	3258168	7.73062601339172	3.12318632949939e-11	2.47979995142626e-05	1.72295405581083	T	C	0.014976	6	11191201	11191201	ENSG00000247925	6	11173452	11259099	1	NA	NA
rs34044517	3258168	7.73062601339172	3.12318632949939e-11	2.47979995142626e-05	1.72295405581083	T	C	0.014976	6	11191201	11191201	ENSG00000111859	6	11183298	11382348	-1	NEDD9	4739
rs34044517	3589697	7.72244753250217	3.238842565236e-11	2.5257086569208e-05	1.04609902655121	T	C	0.014976	6	11191201	11191201	ENSG00000247925	6	11173452	11259099	1	NA	NA
rs34044517	3589697	7.72244753250217	3.238842565236e-11	2.5257086569208e-05	1.04609902655121	T	C	0.014976	6	11191201	11191201	ENSG00000111859	6	11183298	11382348	-1	NEDD9	4739
rs34044517	2379863	7.71754612645123	3.31019216866218e-11	2.53606156862554e-05	1.40729295118831	T	C	0.014976	6	11191201	11191201	ENSG00000247925	6	11173452	11259099	1	NA	NA
rs34044517	2379863	7.71754612645123	3.31019216866218e-11	2.53606156862554e-05	1.40729295118831	T	C	0.014976	6	11191201	11191201	ENSG00000111859	6	11183298	11382348	-1	NEDD9	4739
rs11466172	3589697	7.69095727897245	3.72544842020326e-11	2.8049944281268e-05	1.04470475395822	G	A	0.00199681	17	49514772	49514772	ENSG00000277478	17	49510817	49510900	1	MIR6165	102465141
rs11466172	3589697	7.69095727897245	3.72544842020326e-11	2.8049944281268e-05	1.04470475395822	G	A	0.00199681	17	49514772	49514772	ENSG00000064300	17	49495293	49515017	1	NGFR	4804
rs11466172	3589697	7.69095727897245	3.72544842020326e-11	2.8049944281268e-05	1.04470475395822	G	A	0.00199681	17	49514772	49514772	ENSG00000249906	17	49505657	49574064	-1	NA	100288866
rs11466172	3097152	7.55270380064121	6.88230856671186e-11	5.09405430206778e-05	1.23181112258817	G	A	0.00199681	17	49514772	49514772	ENSG00000277478	17	49510817	49510900	1	MIR6165	102465141
rs11466172	3097152	7.55270380064121	6.88230856671186e-11	5.09405430206778e-05	1.23181112258817	G	A	0.00199681	17	49514772	49514772	ENSG00000064300	17	49495293	49515017	1	NGFR	4804
rs11466172	3097152	7.55270380064121	6.88230856671186e-11	5.09405430206778e-05	1.23181112258817	G	A	0.00199681	17	49514772	49514772	ENSG00000249906	17	49505657	49574064	-1	NA	100288866
rs34044517	3097152	7.49342383270907	8.95051395110328e-11	6.51445614923708e-05	1.22499048697156	T	C	0.014976	6	11191201	11191201	ENSG00000247925	6	11173452	11259099	1	NA	NA
rs34044517	3097152	7.49342383270907	8.95051395110328e-11	6.51445614923708e-05	1.22499048697156	T	C	0.014976	6	11191201	11191201	ENSG00000111859	6	11183298	11382348	-1	NEDD9	4739
rs11466172	3312490	7.48796738428754	9.16950325569037e-11	6.5644359564496e-05	2.27023119087677	G	A	0.00199681	17	49514772	49514772	ENSG00000277478	17	49510817	49510900	1	MIR6165	102465141
rs11466172	3312490	7.48796738428754	9.16950325569037e-11	6.5644359564496e-05	2.27023119087677	G	A	0.00199681	17	49514772	49514772	ENSG00000064300	17	49495293	49515017	1	NGFR	4804
rs11466172	3312490	7.48796738428754	9.16950325569037e-11	6.5644359564496e-05	2.27023119087677	G	A	0.00199681	17	49514772	49514772	ENSG00000249906	17	49505657	49574064	-1	NA	100288866
rs11466172	2388219	7.46073543560182	1.03448234110958e-10	7.25064159161572e-05	1.25575554950801	G	A	0.00199681	17	49514772	49514772	ENSG00000277478	17	49510817	49510900	1	MIR6165	102465141
rs11466172	2388219	7.46073543560182	1.03448234110958e-10	7.25064159161572e-05	1.25575554950801	G	A	0.00199681	17	49514772	49514772	ENSG00000064300	17	49495293	49515017	1	NGFR	4804
rs11466172	2388219	7.46073543560182	1.03448234110958e-10	7.25064159161572e-05	1.25575554950801	G	A	0.00199681	17	49514772	49514772	ENSG00000249906	17	49505657	49574064	-1	NA	100288866
rs3212102	2633737	7.45823267692583	1.04600929985839e-10	7.25064159161572e-05	1.69867934679859	C	T	0.00958466	14	103700657	103700657	ENSG00000126215	14	103697609	103715504	-1	XRCC3	7517
rs3212102	2633737	7.45823267692583	1.04600929985839e-10	7.25064159161572e-05	1.69867934679859	C	T	0.00958466	14	103700657	103700657	ENSG00000269958	14	103696353	103697163	1	NA	NA
rs3212102	2633737	7.45823267692583	1.04600929985839e-10	7.25064159161572e-05	1.69867934679859	C	T	0.00958466	14	103700657	103700657	ENSG00000126214	14	103561896	103714249	1	KLC1	3831
rs34044517	2388219	7.43568843259704	1.15577996320644e-10	7.88636055874247e-05	1.25205506778742	T	C	0.014976	6	11191201	11191201	ENSG00000247925	6	11173452	11259099	1	NA	NA
rs34044517	2388219	7.43568843259704	1.15577996320644e-10	7.88636055874247e-05	1.25205506778742	T	C	0.014976	6	11191201	11191201	ENSG00000111859	6	11183298	11382348	-1	NEDD9	4739
rs34044517	3312490	7.36074620647602	1.60995425499681e-10	0.00010816372148271	2.24533516476821	T	C	0.014976	6	11191201	11191201	ENSG00000247925	6	11173452	11259099	1	NA	NA
rs34044517	3312490	7.36074620647602	1.60995425499681e-10	0.00010816372148271	2.24533516476821	T	C	0.014976	6	11191201	11191201	ENSG00000111859	6	11183298	11382348	-1	NEDD9	4739
rs11466172	3756193	7.34664284386199	1.71347457015504e-10	0.000113374443798707	2.50187265041454	G	A	0.00199681	17	49514772	49514772	ENSG00000277478	17	49510817	49510900	1	MIR6165	102465141
rs11466172	3756193	7.34664284386199	1.71347457015504e-10	0.000113374443798707	2.50187265041454	G	A	0.00199681	17	49514772	49514772	ENSG00000064300	17	49495293	49515017	1	NGFR	4804
rs11466172	3756193	7.34664284386199	1.71347457015504e-10	0.000113374443798707	2.50187265041454	G	A	0.00199681	17	49514772	49514772	ENSG00000249906	17	49505657	49574064	-1	NA	100288866
rs34044517	3756193	7.22578614320564	2.92060062556518e-10	0.000190361366108539	2.47485913788634	T	C	0.014976	6	11191201	11191201	ENSG00000247925	6	11173452	11259099	1	NA	NA
rs34044517	3756193	7.22578614320564	2.92060062556518e-10	0.000190361366108539	2.47485913788634	T	C	0.014976	6	11191201	11191201	ENSG00000111859	6	11183298	11382348	-1	NEDD9	4739
rs1079687	3374517	7.17156057558942	3.70835533510533e-10	0.000237596965281662	1.16110102560298	G	G	0.112819	6	30640496	30640496	ENSG00000137343	6	30626842	30646823	1	ATAT1	79969
rs1079687	3374517	7.17156057558942	3.70835533510533e-10	0.000237596965281662	1.16110102560298	G	G	0.112819	CHR_HSCHR6_MHC_COX_CTG1	30630337	30630337	ENSG00000223752	CHR_HSCHR6_MHC_COX_CTG1	30616685	30636664	1	ATAT1	79969
rs1079687	3374517	7.17156057558942	3.70835533510533e-10	0.000237596965281662	1.16110102560298	G	G	0.112819	CHR_HSCHR6_MHC_DBB_CTG1	30630732	30630732	ENSG00000229061	CHR_HSCHR6_MHC_DBB_CTG1	30617079	30637059	1	ATAT1	79969
rs1079687	3374517	7.17156057558942	3.70835533510533e-10	0.000237596965281662	1.16110102560298	G	G	0.112819	CHR_HSCHR6_MHC_MANN_CTG1	30685132	30685132	ENSG00000235658	CHR_HSCHR6_MHC_MANN_CTG1	30671478	30691459	1	ATAT1	79969
rs1079687	3374517	7.17156057558942	3.70835533510533e-10	0.000237596965281662	1.16110102560298	G	G	0.112819	CHR_HSCHR6_MHC_MCF_CTG1	30718951	30718951	ENSG00000231257	CHR_HSCHR6_MHC_MCF_CTG1	30705297	30725280	1	ATAT1	79969
rs1079687	3374517	7.17156057558942	3.70835533510533e-10	0.000237596965281662	1.16110102560298	G	G	0.112819	CHR_HSCHR6_MHC_QBL_CTG1	30629991	30629991	ENSG00000206488	CHR_HSCHR6_MHC_QBL_CTG1	30616337	30636318	1	ATAT1	79969
rs1079687	3374517	7.17156057558942	3.70835533510533e-10	0.000237596965281662	1.16110102560298	G	G	0.112819	CHR_HSCHR6_MHC_SSTO_CTG1	30632720	30632720	ENSG00000234549	CHR_HSCHR6_MHC_SSTO_CTG1	30619065	30639047	1	ATAT1	79969
rs3132595	3374517	7.16877332768626	3.75412335173017e-10	0.000237596965281662	1.15863646691404	G	G	0.113219	6	30642265	30642265	ENSG00000204564	6	30647039	30653210	1	C6orf136	221545
rs3132595	3374517	7.16877332768626	3.75412335173017e-10	0.000237596965281662	1.15863646691404	G	G	0.113219	6	30642265	30642265	ENSG00000137343	6	30626842	30646823	1	ATAT1	79969
rs3132595	3374517	7.16877332768626	3.75412335173017e-10	0.000237596965281662	1.15863646691404	G	G	0.113219	CHR_HSCHR6_MHC_DBB_CTG1	30632501	30632501	ENSG00000237012	CHR_HSCHR6_MHC_DBB_CTG1	30637275	30643339	1	C6orf136	221545
rs3132595	3374517	7.16877332768626	3.75412335173017e-10	0.000237596965281662	1.15863646691404	G	G	0.113219	CHR_HSCHR6_MHC_DBB_CTG1	30632501	30632501	ENSG00000229061	CHR_HSCHR6_MHC_DBB_CTG1	30617079	30637059	1	ATAT1	79969
rs3132595	3374517	7.16877332768626	3.75412335173017e-10	0.000237596965281662	1.15863646691404	G	G	0.113219	CHR_HSCHR6_MHC_MANN_CTG1	30686901	30686901	ENSG00000233164	CHR_HSCHR6_MHC_MANN_CTG1	30691675	30697740	1	C6orf136	221545
rs3132595	3374517	7.16877332768626	3.75412335173017e-10	0.000237596965281662	1.15863646691404	G	G	0.113219	CHR_HSCHR6_MHC_MANN_CTG1	30686901	30686901	ENSG00000235658	CHR_HSCHR6_MHC_MANN_CTG1	30671478	30691459	1	ATAT1	79969
rs3132595	3374517	7.16877332768626	3.75412335173017e-10	0.000237596965281662	1.15863646691404	G	G	0.113219	CHR_HSCHR6_MHC_MCF_CTG1	30720722	30720722	ENSG00000224120	CHR_HSCHR6_MHC_MCF_CTG1	30725496	30731566	1	C6orf136	221545
rs3132595	3374517	7.16877332768626	3.75412335173017e-10	0.000237596965281662	1.15863646691404	G	G	0.113219	CHR_HSCHR6_MHC_MCF_CTG1	30720722	30720722	ENSG00000231257	CHR_HSCHR6_MHC_MCF_CTG1	30705297	30725280	1	ATAT1	79969
rs3132595	3374517	7.16877332768626	3.75412335173017e-10	0.000237596965281662	1.15863646691404	G	G	0.113219	CHR_HSCHR6_MHC_QBL_CTG1	30631760	30631760	ENSG00000206487	CHR_HSCHR6_MHC_QBL_CTG1	30636534	30642598	1	C6orf136	221545
rs3132595	3374517	7.16877332768626	3.75412335173017e-10	0.000237596965281662	1.15863646691404	G	G	0.113219	CHR_HSCHR6_MHC_QBL_CTG1	30631760	30631760	ENSG00000206488	CHR_HSCHR6_MHC_QBL_CTG1	30616337	30636318	1	ATAT1	79969
rs3132595	3374517	7.16877332768626	3.75412335173017e-10	0.000237596965281662	1.15863646691404	G	G	0.113219	CHR_HSCHR6_MHC_SSTO_CTG1	30634489	30634489	ENSG00000234549	CHR_HSCHR6_MHC_SSTO_CTG1	30619065	30639047	1	ATAT1	79969
rs3132595	3374517	7.16877332768626	3.75412335173017e-10	0.000237596965281662	1.15863646691404	G	G	0.113219	CHR_HSCHR6_MHC_SSTO_CTG1	30634489	30634489	ENSG00000237100	CHR_HSCHR6_MHC_SSTO_CTG1	30639263	30645325	1	C6orf136	221545
rs11466172	2364438	7.09187997942909	5.26417647167977e-10	0.000328408085747424	1.24192922111138	G	A	0.00199681	17	49514772	49514772	ENSG00000277478	17	49510817	49510900	1	MIR6165	102465141
rs11466172	2364438	7.09187997942909	5.26417647167977e-10	0.000328408085747424	1.24192922111138	G	A	0.00199681	17	49514772	49514772	ENSG00000064300	17	49495293	49515017	1	NGFR	4804
rs11466172	2364438	7.09187997942909	5.26417647167977e-10	0.000328408085747424	1.24192922111138	G	A	0.00199681	17	49514772	49514772	ENSG00000249906	17	49505657	49574064	-1	NA	100288866
rs11466172	2997376	7.05646587585791	6.14972231078318e-10	0.000378249705578556	1.18022209116492	G	A	0.00199681	17	49514772	49514772	ENSG00000277478	17	49510817	49510900	1	MIR6165	102465141
rs11466172	2997376	7.05646587585791	6.14972231078318e-10	0.000378249705578556	1.18022209116492	G	A	0.00199681	17	49514772	49514772	ENSG00000064300	17	49495293	49515017	1	NGFR	4804
rs11466172	2997376	7.05646587585791	6.14972231078318e-10	0.000378249705578556	1.18022209116492	G	A	0.00199681	17	49514772	49514772	ENSG00000249906	17	49505657	49574064	-1	NA	100288866
rs11466172	3599811	6.99292027803795	8.12571406767508e-10	0.000486423638693648	1.18303502374675	G	A	0.00199681	17	49514772	49514772	ENSG00000277478	17	49510817	49510900	1	MIR6165	102465141
rs11466172	3599811	6.99292027803795	8.12571406767508e-10	0.000486423638693648	1.18303502374675	G	A	0.00199681	17	49514772	49514772	ENSG00000064300	17	49495293	49515017	1	NGFR	4804
rs11466172	3599811	6.99292027803795	8.12571406767508e-10	0.000486423638693648	1.18303502374675	G	A	0.00199681	17	49514772	49514772	ENSG00000249906	17	49505657	49574064	-1	NA	100288866
rs34044517	2997376	6.99276546077983	8.13122709737423e-10	0.000486423638693648	1.17252813255374	T	C	0.014976	6	11191201	11191201	ENSG00000247925	6	11173452	11259099	1	NA	NA
rs34044517	2997376	6.99276546077983	8.13122709737423e-10	0.000486423638693648	1.17252813255374	T	C	0.014976	6	11191201	11191201	ENSG00000111859	6	11183298	11382348	-1	NEDD9	4739
rs34044517	3599811	6.982898892398	8.49034969665051e-10	0.000501043347231326	1.18082720471342	T	C	0.014976	6	11191201	11191201	ENSG00000247925	6	11173452	11259099	1	NA	NA
rs34044517	3599811	6.982898892398	8.49034969665051e-10	0.000501043347231326	1.18082720471342	T	C	0.014976	6	11191201	11191201	ENSG00000111859	6	11183298	11382348	-1	NEDD9	4739
rs34044517	2364438	6.97169467966276	8.91730182217969e-10	0.000519222668172622	1.22779384653598	T	C	0.014976	6	11191201	11191201	ENSG00000247925	6	11173452	11259099	1	NA	NA
rs34044517	2364438	6.97169467966276	8.91730182217969e-10	0.000519222668172622	1.22779384653598	T	C	0.014976	6	11191201	11191201	ENSG00000111859	6	11183298	11382348	-1	NEDD9	4739
rs11466172	3689880	6.94821205880956	9.88257995155679e-10	0.00056785595677686	0.940312241847151	G	A	0.00199681	17	49514772	49514772	ENSG00000277478	17	49510817	49510900	1	MIR6165	102465141
rs11466172	3689880	6.94821205880956	9.88257995155679e-10	0.00056785595677686	0.940312241847151	G	A	0.00199681	17	49514772	49514772	ENSG00000064300	17	49495293	49515017	1	NGFR	4804
rs11466172	3689880	6.94821205880956	9.88257995155679e-10	0.00056785595677686	0.940312241847151	G	A	0.00199681	17	49514772	49514772	ENSG00000249906	17	49505657	49574064	-1	NA	100288866
rs17108177	3142967	6.92799287803719	1.07964243518484e-09	0.000612309027629263	3.54144320405682	C	T	0.023762	1	53266466	53266466	ENSG00000157193	1	53242364	53328070	-1	LRP8	7804
rs17108177	3142967	6.92799287803719	1.07964243518484e-09	0.000612309027629263	3.54144320405682	C	T	0.023762	1	53266466	53266466	ENSG00000234578	1	53267935	53268601	1	NA	NA
rs11466172	2411228	6.9163531263443	1.1360078828213e-09	0.000636016209043828	0.855859543191577	G	A	0.00199681	17	49514772	49514772	ENSG00000277478	17	49510817	49510900	1	MIR6165	102465141
rs11466172	2411228	6.9163531263443	1.1360078828213e-09	0.000636016209043828	0.855859543191577	G	A	0.00199681	17	49514772	49514772	ENSG00000064300	17	49495293	49515017	1	NGFR	4804
rs11466172	2411228	6.9163531263443	1.1360078828213e-09	0.000636016209043828	0.855859543191577	G	A	0.00199681	17	49514772	49514772	ENSG00000249906	17	49505657	49574064	-1	NA	100288866
rs34044517	3689880	6.86722021739184	1.40796053101352e-09	0.000778296058079834	0.932576530116812	T	C	0.014976	6	11191201	11191201	ENSG00000247925	6	11173452	11259099	1	NA	NA
rs34044517	3689880	6.86722021739184	1.40796053101352e-09	0.000778296058079834	0.932576530116812	T	C	0.014976	6	11191201	11191201	ENSG00000111859	6	11183298	11382348	-1	NEDD9	4739
rs34044517	2411228	6.80135176084122	1.87641638124432e-09	0.0010242846639957	0.84611978680235	T	C	0.014976	6	11191201	11191201	ENSG00000247925	6	11173452	11259099	1	NA	NA
rs34044517	2411228	6.80135176084122	1.87641638124432e-09	0.0010242846639957	0.84611978680235	T	C	0.014976	6	11191201	11191201	ENSG00000111859	6	11183298	11382348	-1	NEDD9	4739
rs17108177	2788003	6.77555560745568	2.09947205112123e-09	0.00113189598722695	2.70632860857844	C	T	0.023762	1	53266466	53266466	ENSG00000157193	1	53242364	53328070	-1	LRP8	7804
rs17108177	2788003	6.77555560745568	2.09947205112123e-09	0.00113189598722695	2.70632860857844	C	T	0.023762	1	53266466	53266466	ENSG00000234578	1	53267935	53268601	1	NA	NA
rs11466172	3090697	6.56123625116814	5.31789141752687e-09	0.00283209002749401	0.69494480004065	G	A	0.00199681	17	49514772	49514772	ENSG00000277478	17	49510817	49510900	1	MIR6165	102465141
rs11466172	3090697	6.56123625116814	5.31789141752687e-09	0.00283209002749401	0.69494480004065	G	A	0.00199681	17	49514772	49514772	ENSG00000064300	17	49495293	49515017	1	NGFR	4804
rs11466172	3090697	6.56123625116814	5.31789141752687e-09	0.00283209002749401	0.69494480004065	G	A	0.00199681	17	49514772	49514772	ENSG00000249906	17	49505657	49574064	-1	NA	100288866
rs8115360	4054204	6.55656012961261	5.42639439798478e-09	0.00285505648571785	4.24390441975405	T	C	0.0607029	20	32796080	32796080	ENSG00000088305	20	32762385	32809356	1	DNMT3B	1789
rs34044517	3090697	6.54493777965747	5.70567286893814e-09	0.00296625869033456	0.693147183998026	T	C	0.014976	6	11191201	11191201	ENSG00000247925	6	11173452	11259099	1	NA	NA
rs34044517	3090697	6.54493777965747	5.70567286893814e-09	0.00296625869033456	0.693147183998026	T	C	0.014976	6	11191201	11191201	ENSG00000111859	6	11183298	11382348	-1	NEDD9	4739
rs7247491	2908508	-6.50537105033076	6.76758716670642e-09	0.00347693341734974	-1.69433636952886	G	A	0.00399361	19	10158298	10158298	ENSG00000130816	19	10133345	10231286	-1	DNMT1	1786
rs6438	2633737	6.42647398620526	9.50384487558923e-09	0.00480717928303148	1.25116763027171	G	T	0.014377	8	142917756	142917756	ENSG00000179142	8	142910559	142917843	-1	CYP11B2	1585
rs6438	2633737	6.42647398620526	9.50384487558923e-09	0.00480717928303148	1.25116763027171	G	T	0.014377	8	142917756	142917756	ENSG00000104499	8	142834247	142916506	1	GML	2765
rs6002488	2523634	6.42469009632166	9.57697007489059e-09	0.00480717928303148	0.702302987951131	C	T	0.188299	22	41795536	41795536	ENSG00000167077	22	41699499	41799456	1	MEI1	150365
rs34044517	3653072	6.41422524490896	1.00173052048139e-08	0.00497106767327847	1.2335174851451	T	C	0.014976	6	11191201	11191201	ENSG00000247925	6	11173452	11259099	1	NA	NA
rs34044517	3653072	6.41422524490896	1.00173052048139e-08	0.00497106767327847	1.2335174851451	T	C	0.014976	6	11191201	11191201	ENSG00000111859	6	11183298	11382348	-1	NEDD9	4739
rs11466172	2798915	6.39339640034271	1.09542582928023e-08	0.00537494979435074	0.909817042277249	G	A	0.00199681	17	49514772	49514772	ENSG00000277478	17	49510817	49510900	1	MIR6165	102465141
rs11466172	2798915	6.39339640034271	1.09542582928023e-08	0.00537494979435074	0.909817042277249	G	A	0.00199681	17	49514772	49514772	ENSG00000064300	17	49495293	49515017	1	NGFR	4804
rs11466172	2798915	6.39339640034271	1.09542582928023e-08	0.00537494979435074	0.909817042277249	G	A	0.00199681	17	49514772	49514772	ENSG00000249906	17	49505657	49574064	-1	NA	100288866
rs8115360	3980978	6.3894589509706	1.11408906251632e-08	0.00540578592004584	1.47034792237679	T	C	0.0607029	20	32796080	32796080	ENSG00000088305	20	32762385	32809356	1	DNMT3B	1789
rs34044517	2798915	6.35595455162738	1.28617904265707e-08	0.00616650123230349	0.90541718881798	T	C	0.014976	6	11191201	11191201	ENSG00000247925	6	11173452	11259099	1	NA	NA
rs34044517	2798915	6.35595455162738	1.28617904265707e-08	0.00616650123230349	0.90541718881798	T	C	0.014976	6	11191201	11191201	ENSG00000111859	6	11183298	11382348	-1	NEDD9	4739
rs11466172	3653072	6.35361976478139	1.29910785390828e-08	0.00616650123230349	1.22705905563517	G	A	0.00199681	17	49514772	49514772	ENSG00000277478	17	49510817	49510900	1	MIR6165	102465141
rs11466172	3653072	6.35361976478139	1.29910785390828e-08	0.00616650123230349	1.22705905563517	G	A	0.00199681	17	49514772	49514772	ENSG00000064300	17	49495293	49515017	1	NGFR	4804
rs11466172	3653072	6.35361976478139	1.29910785390828e-08	0.00616650123230349	1.22705905563517	G	A	0.00199681	17	49514772	49514772	ENSG00000249906	17	49505657	49574064	-1	NA	100288866
rs62621365	2633737	6.30515380973021	1.59850644033761e-08	0.00750607472176452	1.23569504688255	C	T	0.0325479	10	5102576	5102576	ENSG00000196139	10	5035354	5107686	1	AKR1C3	8644
rs148445016	3201225	6.18707783590961	2.64437628862152e-08	0.0122850475653058	1.20492798821257	G	A	0.000599042	3	45964390	45964390	ENSG00000163820	3	45917899	45995824	-1	FYCO1	79443
rs8112072	2593352	-6.1514155918167	3.07688113808618e-08	0.0141438797651729	-0.822500408664821	A	G	0.0303514	19	51237888	51237888	ENSG00000105383	19	51225064	51243860	1	CD33	945
rs8112072	2862716	-6.13241310376919	3.33517532245817e-08	0.0151715124313429	-0.773640093157513	A	G	0.0303514	19	51237888	51237888	ENSG00000105383	19	51225064	51243860	1	CD33	945
rs11466172	3772187	6.1054465120383	3.73888624182827e-08	0.0168326292924394	1.60720084762195	G	A	0.00199681	17	49514772	49514772	ENSG00000277478	17	49510817	49510900	1	MIR6165	102465141
rs11466172	3772187	6.1054465120383	3.73888624182827e-08	0.0168326292924394	1.60720084762195	G	A	0.00199681	17	49514772	49514772	ENSG00000064300	17	49495293	49515017	1	NGFR	4804
rs11466172	3772187	6.1054465120383	3.73888624182827e-08	0.0168326292924394	1.60720084762195	G	A	0.00199681	17	49514772	49514772	ENSG00000249906	17	49505657	49574064	-1	NA	100288866
rs34044517	3772187	6.08316655172791	4.10857230143606e-08	0.0182395472398765	1.60164534352893	T	C	0.014976	6	11191201	11191201	ENSG00000247925	6	11173452	11259099	1	NA	NA
rs34044517	3772187	6.08316655172791	4.10857230143606e-08	0.0182395472398765	1.60164534352893	T	C	0.014976	6	11191201	11191201	ENSG00000111859	6	11183298	11382348	-1	NEDD9	4739
rs11466172	3936913	6.08165475899228	4.13492661831607e-08	0.0182395472398765	0.745834272810067	G	A	0.00199681	17	49514772	49514772	ENSG00000277478	17	49510817	49510900	1	MIR6165	102465141
rs11466172	3936913	6.08165475899228	4.13492661831607e-08	0.0182395472398765	0.745834272810067	G	A	0.00199681	17	49514772	49514772	ENSG00000064300	17	49495293	49515017	1	NGFR	4804
rs11466172	3936913	6.08165475899228	4.13492661831607e-08	0.0182395472398765	0.745834272810067	G	A	0.00199681	17	49514772	49514772	ENSG00000249906	17	49505657	49574064	-1	NA	100288866
rs4253678	2947948	6.0608461297334	4.5151009426082e-08	0.0197173663505934	1.30382346613937	G	A	0.0211661	22	46178113	46178113	ENSG00000186951	22	46150521	46243756	1	PPARA	5465
rs34044517	3936913	6.05597801074352	4.60891045486079e-08	0.0199277533064882	0.742960952315643	T	C	0.014976	6	11191201	11191201	ENSG00000247925	6	11173452	11259099	1	NA	NA
rs34044517	3936913	6.05597801074352	4.60891045486079e-08	0.0199277533064882	0.742960952315643	T	C	0.014976	6	11191201	11191201	ENSG00000111859	6	11183298	11382348	-1	NEDD9	4739
rs17108177	3796089	6.05104335719205	4.70596664335872e-08	0.0201479152024849	1.05697162062228	C	T	0.023762	1	53266466	53266466	ENSG00000157193	1	53242364	53328070	-1	LRP8	7804
rs17108177	3796089	6.05104335719205	4.70596664335872e-08	0.0201479152024849	1.05697162062228	C	T	0.023762	1	53266466	53266466	ENSG00000234578	1	53267935	53268601	1	NA	NA
rs34044517	2494484	5.97689900650979	6.43211516521704e-08	0.027270809438132	1.19096623234531	T	C	0.014976	6	11191201	11191201	ENSG00000247925	6	11173452	11259099	1	NA	NA
rs34044517	2494484	5.97689900650979	6.43211516521704e-08	0.027270809438132	1.19096623234531	T	C	0.014976	6	11191201	11191201	ENSG00000111859	6	11183298	11382348	-1	NEDD9	4739
rs11466172	2494484	5.94953226248259	7.21616567458465e-08	0.0303008350926878	1.18838917348839	G	A	0.00199681	17	49514772	49514772	ENSG00000277478	17	49510817	49510900	1	MIR6165	102465141
rs11466172	2494484	5.94953226248259	7.21616567458465e-08	0.0303008350926878	1.18838917348839	G	A	0.00199681	17	49514772	49514772	ENSG00000064300	17	49495293	49515017	1	NGFR	4804
rs11466172	2494484	5.94953226248259	7.21616567458465e-08	0.0303008350926878	1.18838917348839	G	A	0.00199681	17	49514772	49514772	ENSG00000249906	17	49505657	49574064	-1	NA	100288866
rs926149	2809399	5.93575175143948	7.64595618512762e-08	0.031799767706308	0.583002584113574	A	G	0.221246	3	196063044	196063044	ENSG00000072274	3	196027183	196082189	-1	TFRC	7037
rs17108177	3657253	5.93147171307094	7.78451373425753e-08	0.0318311112481518	1.90543577188075	C	T	0.023762	1	53266466	53266466	ENSG00000157193	1	53242364	53328070	-1	LRP8	7804
rs17108177	3657253	5.93147171307094	7.78451373425753e-08	0.0318311112481518	1.90543577188075	C	T	0.023762	1	53266466	53266466	ENSG00000234578	1	53267935	53268601	1	NA	NA
rs11466172	2720251	5.93102023018139	7.79927325457561e-08	0.0318311112481518	1.13628405579671	G	A	0.00199681	17	49514772	49514772	ENSG00000277478	17	49510817	49510900	1	MIR6165	102465141
rs11466172	2720251	5.93102023018139	7.79927325457561e-08	0.0318311112481518	1.13628405579671	G	A	0.00199681	17	49514772	49514772	ENSG00000064300	17	49495293	49515017	1	NGFR	4804
rs11466172	2720251	5.93102023018139	7.79927325457561e-08	0.0318311112481518	1.13628405579671	G	A	0.00199681	17	49514772	49514772	ENSG00000249906	17	49505657	49574064	-1	NA	100288866
rs4927868	2809399	5.91540340711208	8.32715864313153e-08	0.0336708844782993	0.581571056289667	C	T	0.223243	3	196077892	196077892	ENSG00000072274	3	196027183	196082189	-1	TFRC	7037
rs8115360	3768703	5.91003661977254	8.51658653023159e-08	0.0341209022803655	0.995040951354406	T	C	0.0607029	20	32796080	32796080	ENSG00000088305	20	32762385	32809356	1	DNMT3B	1789
rs11466172	2469252	5.90724360754149	8.61684520096582e-08	0.0342087375783111	3.28873328609333	G	A	0.00199681	17	49514772	49514772	ENSG00000277478	17	49510817	49510900	1	MIR6165	102465141
rs11466172	2469252	5.90724360754149	8.61684520096582e-08	0.0342087375783111	3.28873328609333	G	A	0.00199681	17	49514772	49514772	ENSG00000064300	17	49495293	49515017	1	NGFR	4804
rs11466172	2469252	5.90724360754149	8.61684520096582e-08	0.0342087375783111	3.28873328609333	G	A	0.00199681	17	49514772	49514772	ENSG00000249906	17	49505657	49574064	-1	NA	100288866
rs34044517	3365776	5.89448553204599	9.0898200157806e-08	0.0357613369622357	0.817720814107754	T	C	0.014976	6	11191201	11191201	ENSG00000247925	6	11173452	11259099	1	NA	NA
rs34044517	3365776	5.89448553204599	9.0898200157806e-08	0.0357613369622357	0.817720814107754	T	C	0.014976	6	11191201	11191201	ENSG00000111859	6	11183298	11382348	-1	NEDD9	4739
rs11466172	3365776	5.88850848800781	9.32012614778273e-08	0.0363400239760241	0.817953015889455	G	A	0.00199681	17	49514772	49514772	ENSG00000277478	17	49510817	49510900	1	MIR6165	102465141
rs11466172	3365776	5.88850848800781	9.32012614778273e-08	0.0363400239760241	0.817953015889455	G	A	0.00199681	17	49514772	49514772	ENSG00000064300	17	49495293	49515017	1	NGFR	4804
rs11466172	3365776	5.88850848800781	9.32012614778273e-08	0.0363400239760241	0.817953015889455	G	A	0.00199681	17	49514772	49514772	ENSG00000249906	17	49505657	49574064	-1	NA	100288866
rs17108177	3741383	5.8787949476623	9.70674271647384e-08	0.0375125438974951	1.23225033767294	C	T	0.023762	1	53266466	53266466	ENSG00000157193	1	53242364	53328070	-1	LRP8	7804
rs17108177	3741383	5.8787949476623	9.70674271647384e-08	0.0375125438974951	1.23225033767294	C	T	0.023762	1	53266466	53266466	ENSG00000234578	1	53267935	53268601	1	NA	NA
rs8112072	3114365	-5.87042489988178	1.00525433910883e-07	0.0385081404071217	-1.03176881310798	A	G	0.0303514	19	51237888	51237888	ENSG00000105383	19	51225064	51243860	1	CD33	945
rs148445016	3809790	5.86666468221023	1.02118218028037e-07	0.0387781270302435	1.34816206013668	G	A	0.000599042	3	45964390	45964390	ENSG00000163820	3	45917899	45995824	-1	FYCO1	79443
rs11659341	3317824	-5.84074363260481	1.13795914509279e-07	0.0428400651598213	-0.435949262265326	T	C	0.113019	18	23534736	23534736	ENSG00000141458	18	23506184	23586898	-1	NPC1	4864
rs11659341	3317824	-5.84074363260481	1.13795914509279e-07	0.0428400651598213	-0.435949262265326	T	C	0.113019	18	23534736	23534736	ENSG00000141452	18	23503470	23531807	1	C18orf8	29919
rs34044517	2720251	5.83355761410015	1.17260109944146e-07	0.0437669090895854	1.12220948924607	T	C	0.014976	6	11191201	11191201	ENSG00000247925	6	11173452	11259099	1	NA	NA
rs34044517	2720251	5.83355761410015	1.17260109944146e-07	0.0437669090895854	1.12220948924607	T	C	0.014976	6	11191201	11191201	ENSG00000111859	6	11183298	11382348	-1	NEDD9	4739
rs8112072	3306523	-5.81159358709492	1.28505840620311e-07	0.0472222177410595	-0.951472765204377	A	G	0.0303514	19	51237888	51237888	ENSG00000105383	19	51225064	51243860	1	CD33	945
rs721186	3475003	5.8092993981183	1.29740097079126e-07	0.0472222177410595	1.26925830010997	C	T	0.00419329	19	10154636	10154636	ENSG00000130816	19	10133345	10231286	-1	DNMT1	1786
rs8115360	3809804	5.80925962471636	1.29761597594878e-07	0.0472222177410595	1.41119688692007	T	C	0.0607029	20	32796080	32796080	ENSG00000088305	20	32762385	32809356	1	DNMT3B	1789
rs4420638	3980946	5.80524556297413	1.31949661292985e-07	0.0476216403762334	1.13794799036694	G	G	0.150958	19	44919689	44919689	ENSG00000280087	19	44909375	44914968	1	NA	NA
rs4420638	3980946	5.80524556297413	1.31949661292985e-07	0.0476216403762334	1.13794799036694	G	G	0.150958	19	44919689	44919689	ENSG00000130208	19	44914247	44919349	1	APOC1	341
